"dc_title","dc_writer","writer_ip","dc_date"
"실전에서 유도 이길 수 있는 무술 뭐 있냐...","ㅇㅇ ","121.172 ","06.01"
"실전싸움에서 주짓수는 의외로 약할지도","ㅇㅇ ","223.39 ","06.01"
"실전에서 맥그리거가 하빕을 이길 확률이 높은 이유","맨몸웨이트 ","116.124 ","06.01"
"더블지 본갤러 있냐?","ㅇㅇ ","117.111 ","06.01"
"ㅅㅂ 정찬성 생각보다 졸라 어리네 ㅋㅋㅋㅋ","ㅇㅇ ","121.140 ","06.01"
"정찬성도 권아솔처럼 말만 앞서냐?실력좀있냐","ㅇㅇ ","110.70 ","06.01"
"길거리 싸움에 시간낭비말고 헬스 하거라.","근육몬123 ","118.220 ","06.01"
"극진공수도 도장 고르는 방법","꾸러기수비대 ","175.223 ","06.01"
