"dc_title","dc_writer","writer_ip","dc_date"
"이헤갤 왤케 개념 허벌됐냐","Lunalight "," ","06.04"
"wm1a랑 G7 들고 쓰는데 플레뉴2 좋음?","ㅇㅇ ","222.102 ","06.04"
"테비 배송 언제되냐?","날퍼 "," ","06.04"
"6만원에 머머리아재 포토카드 받을바에 그냥 테비사서 이어팁받아라","ㅇㅇ ","125.136 ","06.04"
"이헤갤 최고의 코드리스는 갤럭시 버즈다","ㅇㅇ ","183.99 ","06.04"
"디렘은 한달지나면 중고가2만원일텐데그때사야지 ㅋㅋ","ㅇㅇ ","125.136 ","06.04"
"야갤럭시 코덱이머임","갓세 ","39.7 ","06.04"
"디렘사는이유 ㄹㅇ","한플 "," ","06.04"
"qcy t1 , wf1000x 쓰다가 버즈쓰는데","ㅇㅇ ","116.42 ","06.04"
"m50x 뒤짐ㅠㅠ","ㅇㅇ ","223.33 ","06.04"
"아무리 그래도 버즈가 테비 음질 압살 아니냐?","ㅇㅇ ","223.33 ","06.04"
"테비 중고 매물 7월에 존나 풀리겠노","Xelento ","182.225 ","06.04"
"인도어 - 스피커 헤드폰 아웃도어 - 코드리스","ㅇㅇ ","223.62 ","06.04"
"테비 행복회로 돌려도되냐?","ㅇㅇ ","223.62 ","06.04"
"내가 디렘 산 이유 말해 준다","ㅇㅇ ","39.7 ","06.04"
"갤럭시 영상딜레이가 있음?","ㅇㅇ ","175.223 ","06.04"
"아웃도어 유선 = 개찐따","ㅇㅇ ","117.111 ","06.04"
"테비 리뷰 2건 뭐임?","디락스쿨출신 ","125.190 ","06.04"
"타이달 쓸 필요 1도 없는이유","ㅇㅇ ","39.7 ","06.04"
"근데 버즈 엄청 저평가받네","ㅇㅇ ","223.62 ","06.04"
"무선이어폰의 유선대비 음질열화보다","ㅇㅇ ","223.39 ","06.04"
"테비 역경매 합니다","steyr2000 "," ","06.04"
"아웃도어 유선 = 찐따","ㅇㅇ ","117.111 ","06.04"
"짝귀를위한 이어팁은 없음?","ㅇㅇ ","175.223 ","06.04"
"테비 팝니다","ㅇㅇ ","121.150 ","06.04"
"요즘엔 프랑켄보다 줄달고 다니는 애들이 더 찐따같던데","ㅇㅇ ","223.39 ","06.04"
"근데 지금 시점에서 버즈가 가진 장점이 뭐임?","ㅇㅇ ","175.124 ","06.04"
"지듣노","ㅇㅇ ","112.171 ","06.04"
"내가갤주되면디렘이야기하는새끼들차단함","ㅇㅇ ","59.15 ","06.04"
"근데 ㅅㅂ 프랑켄을 감수하면서까지 코드리스 살 의미가 있냐?","ㅇㅇ ","112.153 ","06.04"
"새벽에는 배송뜨겠지? ","ㅇㅇ ","223.38 ","06.04"
"둘다 살 돈도 없는 거지 새끼들이 왜케 글을 싸냐?","ㅇㅇ ","112.153 ","06.04"
"근데 코드리스 2개 필요하냐?","ㅇㅇ ","223.62 ","06.04"
"이 꼬라지를 17일까지 봐야된다","steyr2000 "," ","06.04"
"디렘 이쯤되니까 오히려 얼마나 자신있길레? 궁금해짐","ㅇㅇ ","175.223 ","06.04"
"코드레스 지금 뭐가 쓸만한거임?","ㅇㅇ ","61.84 ","06.04"
"디렘 qct t1 케이스에 호환가능임?","ㅇㅇ ","175.223 ","06.04"
"디락때 내구성에 개쳐맞고 또 디렘빠는거보면 금붕어보다 더함 ㅋㅋㅋㅋㅋㅋㅋ","FOCAL "," ","06.04"
"머캐스트에 낚인 사람이 ","ㅇㅇ ","39.7 ","06.04"
"헤이갤 샷다 내립니다","어푸 "," ","06.04"
"디렘 알바들 시급떨어지는 소리가 여까지 들리누 ㅋㅋㅋㅋㅋㅋㅋ","ㅇㅇ ","223.62 ","06.04"
"배터리4시간vs10시간인데 2만원차이에서 이미 겜셋임.","ㅇㅇ ","219.249 ","06.04"
"솔직히 박사님 포카만 아니였어도 디렘 안삼","Xelento ","106.102 ","06.04"
"테비가 디렘을 승리한 결정적 요인 3가지.real","ㅇㅇ ","219.249 ","06.04"
"테비 그렘 뭐살지 싸우는거나 탕수육 찍먹부먹이나 똑같다","ㅇㅇ ","112.153 ","06.04"
"디렘 중고로 3만원쯤 하면 사야겠다","ㅇㅇ ","223.33 ","06.04"
"테비 10시간이 진짜 장점인가","유성매직* "," ","06.04"
"그러니깐 이번에 테비7.9만은 무적권 탓엇어야지 ㅠㅠ","ㅇㅇ ","219.249 ","06.04"
"테비 디렘 둘다사면 되지","ㅇㅇ ","175.121 ","06.04"
"어차피 지금 사는 코드리스","steyr2000 "," ","06.04"
"테비 가성비깡패인게 쿠폰잘먹이면6만원대에 구매가능ㄷㄷㄷ","ㅇㅇ ","219.249 ","06.04"
"알바들 ㅂㄷㅂㄷ거리는거 씹꿀잼 ㅋㅋㅋㅋㅋㅋㅋㅋㅋㅋㅋㅋ","FOCAL "," ","06.04"
"디렘 그냥 qcy가격에 뿌리자","ㅇㅇ ","175.223 ","06.04"
"내일 테비 도착하는 승리자들 잇음? ㅋㅋㅋㅋㅋㅋㅋ","ㅇㅇ ","219.249 ","06.04"
"머렘,  퇴비, 피떱 구매자의 미래","ㅇㅇ ","39.7 ","06.04"
"솔직히 테비 팔리는 이유중 제일 큰 이유중 하나가 배터리임","ㅇㅇ ","223.39 ","06.04"
"디렘 전화할때 한쪽 입에 대고 해야 좋다는거임??","ㅇㅇ ","210.91 ","06.04"
"현명하신 이헤갤러들은 이미6.8에 테비구매한분도 계시네","ㅇㅇ ","219.249 ","06.04"
"항상 5만원선에서 떡밥존나잘타네","FOCAL "," ","06.04"
"내일 받는 사람들 부럽","ㅇㅇ ","175.197 ","06.04"
"헤드폰 종결 알려준다","Lynnfield "," ","06.04"
"테비 6.8에삼..","ㅇㅇ ","223.62 ","06.04"
"디렘도 공구해서 가격떡락시켜라~","ㅇㅇ ","112.171 ","06.04"
"걍 두개 다 사면 속편한데 ㅋㅋ","ㅇㅇ ","223.38 ","06.04"
"근데 요즘에 디까들 너무 많이 까여서 좀 불쌍하긴함 ㅇㅇ","ㅇㅇ ","219.249 ","06.04"
"지금 그센징 포함 디까세력들 어리둥절","steyr2000 "," ","06.04"
"dk님 구독자가 이어폰 주구매층이라 많이 팔림 ㅇㅇ","ㅇㅇ ","219.249 ","06.04"
"소캐 알바들 존나역겹네 ㅋㅋㅋㅋㅋㅋㅋㅋㅋ","FOCAL "," ","06.04"
"qcy t3 살까하는데 이거말고 오픈형 나올 예정인거 없지?","낑 ","118.37 ","06.04"
"개븅신같은 디렘이 좋네 테비가 좋네 글 자꾸 올라오는 이유가 뭐냐면","ㅎㅇ ","14.47 ","06.04"
"일단 dk님 구독자가 구매력이 탄탄함 ㅇㅇ","ㅇㅇ ","219.249 ","06.04"
"""느그 렘""충들 지금 울면서 자러감ㅋㅋㅋㅋㅋㅋㅋㅋㅋㅋㅋㅋㅋㅋㅋ","ㅇㅇ ","219.249 ","06.04"
"dk 테비동영상 두개 조회수 합이 5.4만인데","ㅇㅇ ","175.223 ","06.04"
"""그 렘""충들은 이헤갤 공식 샌드백 패는 맛이 잇잖어ㅋㅋㅋㅋㅋㅋㅋ","ㅇㅇ ","219.249 ","06.04"
"""그렘""충들 집단 멘붕와서 지금 눈깔 힘풀렷음ㅋㅋㅋㅋㅋㅋㅋㅋㅋ","ㅇㅇ ","219.249 ","06.04"
"""느 그렘"" 처참하게 망햇다고 해서 음모론은 좀 아닌듯","ㅇㅇ ","219.249 ","06.04"
"하나만 더 살걸 그랬나?","steyr2000 "," ","06.04"
"그래서 ""느그 렘"" 완판은 언제쯤? 배송은 언제 옴?","ㅇㅇ ","219.249 ","06.04"
"ㅆㅂ무슨들어오면디렘얘기나하고있냐","ㅇㅇ ","59.15 ","06.04"
"""그 렘""빠들이 물량음모론 제기해도 느그렘만 더 처량해짐","ㅇㅇ ","219.249 ","06.04"
"아니 킹신렬님은 기껏 잘만들어놓고 왜 dk님 안찾아뵙지..","ㅇㅇ ","219.249 ","06.04"
"아 오늘 배송떠서 기모디했는데","ㅇㅇ ","223.38 ","06.04"
"팩트)테비 물량주작설은 ""그렘""빠들만 제기함ㅋㅋㅋㅋㅋㅋ","ㅇㅇ ","219.249 ","06.04"
"아니 하카세님은 대체 왜 dk군한테 리뷰 요청 안하신거지?","ㅇㅇ ","39.118 ","06.04"
"아니 누가 저딴 짱깨 프랑켄을 산다고?","Lynnfield "," ","06.04"
"진짜 이 바닥에서 구매력 홍보력만큼은 dk님 미만잡이다","ㅇㅇ ","219.249 ","06.04"
"근데 디렘 너무 까이는거 아님","ㅇㅇ ","218.55 ","06.04"
"""그 렘""충들 또 추하게 음모론 제기안함?","ㅇㅇ ","219.249 ","06.04"
"이번에 사람들이 디렘 거르고 테비로 갈아탄 이유가 뭐임?","ㅇㅇ ","219.249 ","06.04"
"ㄹㅇ 조용히 테비 대기하고 잇던사람이 ㅈㄴ 많앗구나 ㄷㄷ","ㅇㅇ ","219.249 ","06.04"
"아까""그렘""충들 8분만에 완판나고 멘붕되는꼴 존나 웃겻음ㅋㅋㅋㅋㅋㅋㅋ","ㅇㅇ ","219.249 ","06.04"
"블투 6.0 나오면 유선 넘는거 아니냐?","ㅇㅇ ","121.140 ","06.04"
"이젠 빼박 이헤갤 갤주는 dk님이네","ㅇㅇ ","219.249 ","06.04"
"""그 렘""빠들은 여기서 현실부정할시간에 사줫으면 완판됏음.","ㅇㅇ ","219.249 ","06.04"
"씨코 망함?","ㅇㅇ ","121.140 ","06.04"
"갤 왜이러냐","ㅇㅇ ","39.113 ","06.04"
"설마 아직까지 7.9테비코인 못탄 흑우들 읍제잉~?","ㅇㅇ ","219.249 ","06.04"
"이번 7.9 끝나면 다음부턴 8.9 9.9로 오는거 아님?","ㅇㅇ ","219.249 ","06.04"
"차세대 갤주 킹신렬-&gt;킹갓 dk 정권교체 성공적^^","ㅇㅇ ","219.249 ","06.04"
"테비 디렘 같은 코드리스 구매할거면","디락스쿨출신 ","125.190 ","06.04"
"그래서 ""그 렘""은 도대체 언제쯤 완판 된대냐?","ㅇㅇ ","219.249 ","06.04"
"하긴""그 렘""빠들이 보기엔 믿을수 없는 속도긴 하겟네","ㅇㅇ ","219.249 ","06.04"
"219.249 신렬박사한테 아구창 맞음?","ㅇㅇ ","121.140 ","06.04"
"""그 렘""충 님들아 현실부정할시간에 하나라도 더 팔아주세효ㅠㅠ","ㅇㅇ ","219.249 ","06.04"
"킹신렬 디락의 시대는 저물고 킹dk 테비의 시대가 옴ㅇㅇ","ㅇㅇ ","219.249 ","06.04"
"8.9는 남았냐?","ㅇㅇ ","121.140 ","06.04"
"‘그’렘충들 현사태에 적응못하고 이악물고 ㅂㄷㅂㄷ ","ㅇㅇ ","223.62 ","06.04"
"""그 렘"" 빠들만 애써 부정하는 dk님의 영향력..ㅠㅠ","ㅇㅇ ","219.249 ","06.04"
"디렘의 부진","부민희 "," ","06.04"
"DK님 이글 보고 계시면 추가물량 결단을 내려주세요.","ㅇㅇ ","218.55 ","06.04"
"""그 렘""빠들 아직도 예전 디락인줄 착각하나봄ㅋㅋㅋㅋ","ㅇㅇ ","219.249 ","06.04"
"이신렬박사가 언케고소해도 할말없음","ㅇㅇ ","121.140 ","06.04"
"""그 렘""빠들 끝까지 패배 인정못하는거 나만 추함?","ㅇㅇ ","219.249 ","06.04"
"""그 락""빠들 지금 현실부정하는꼴 존나 웃겨ㅋㅋㅋㅋㅋㅋㅋㅋㅋㅋㅋ","ㅇㅇ ","219.249 ","06.04"
"테비사는 개돼지 특징","ㅇㅇ ","110.70 ","06.04"
"""느그 렘""은 꿈도 못꿀 속도로 팔아제끼는 갓 dk님 ㄷㄷㄷㄷㄷ","ㅇㅇ ","219.249 ","06.04"
"""느그 렘"" 지금이라도 dk님 찾아가서 홍보 부탁해야함.","ㅇㅇ ","219.249 ","06.04"
"""그렘""빠들이 보기에도 이번 테비 팔리는 속도가 경이로울듯","ㅇㅇ ","219.249 ","06.04"
"""그렘""빠들 지금 도저히 믿을수없어서 현실부정중ㅋㅋㅋㅋㅋㅋㅋ","ㅇㅇ ","219.249 ","06.04"
"디렘 지금이라고 늦지않앗다 dk님 찾아가자...","ㅇㅇ ","219.249 ","06.04"
"판매량 자체가 기재가 안되어있는데 뭘 보고 1500대라는거냐 업자새끼들아","Lynnfield "," ","06.04"
"79000원에샀는데 85000원에 살사람있냐 6천원만보내라","ㅇㅇ ","211.36 ","06.04"
"""그렘""빠들 갓dk님 테비한테 참교육 당해서 눈물맺힘ㅋㅋㅋㅋㅋㅋㅋ","ㅇㅇ ","219.249 ","06.04"
"디렘도 안늦졌다 dk찾아가자","ㅇㅇ ","175.223 ","06.04"
"5000대가 하루엿는데 1500대가 불과 8분, 갈수록 빨라짐ㄷㄷ","ㅇㅇ ","219.249 ","06.04"
"가성비라는 개씹덕이과감성 상품을 팔때는 전문성을 강조해라","ㄹㄹ ","58.230 ","06.04"
"확실히 마케팅 측면으로나 이번에 테비가 디렘 압승한듯.","ㅇㅇ ","219.249 ","06.04"
"1500개인데 1인당 1개이상 구매 금지 해야하는거 아님","ㅇㅇ ","218.55 ","06.04"
"내가 뭐랫냐 입소문타서 더 빨리 팔릴거라고 햇제? ㅋㅋㅋㅋㅋㅋ","ㅇㅇ ","219.249 ","06.04"
"확실히 테비가 장사수완은 있음 ㅋㅋㅋ ㅇㅈ함","ㅎㅇ ","14.47 ","06.04"
"킹신렬은 무적권 갓 dk님 찾아가서 홍보 부탁햇어야 햇다...ㄹㅇ","ㅇㅇ ","219.249 ","06.04"
"""그 렘""빠 새끼들 다 쥐구멍으로 숨엇누? 조용하네ㅋㅋㅋㅋㅋㅋㅋ","ㅇㅇ ","219.249 ","06.04"
"오늘로써 드러난 팩트하나. dk의 구매력은 막강함","ㅇㅇ ","219.249 ","06.04"
"""그렘""빠 새끼들 8분만에 완판소문듣고 ㅂㄷㅂㄷ중ㅋㅋㅋㅋㅋㅋㅋ","ㅇㅇ ","219.249 ","06.04"
"1500개 수량이 너무 적은거 아님","ㅇㅇ ","218.55 ","06.04"
"""그렘"" 며칠동안 똥꼬쇼한걸 단 8분만에 뛰어넘는 dk센세...","ㅇㅇ ","219.249 ","06.04"
"""그렘"" 5핀엌ㅋㅋㅋ4시간으엌ㅋㅋ근데 겨우 2만원 쌈ㅋㅋㅋ","ㅇㅇ ","219.249 ","06.04"
"갤 쳐망했노ㅋㅋㅋ","고신 "," ","06.04"
"업자새끼들아 봐라","ㅇㅇ ","121.150 ","06.04"
"역시 업자새끼들말에 안휩쓸리고 테비산분들이 승자임.","ㅇㅇ ","219.249 ","06.04"
"디렘 소리 개노잼이라며 ㅋㅋㅋㅋㅋㅋㅋㅋ 답은 테ㅡㅡㅡ비다","ㅇㅇ ","121.150 ","06.04"
"그래서 ""그렘""은 대체 언제 완판된대냐?","ㅇㅇ ","219.249 ","06.04"
"디렘 5핀은 너무너무 아쉽다","고오스트. "," ","06.04"
"걍 차단하면 되는데 여기애들 왤캐 민감해함","ㅇㅇ ","175.124 ","06.04"
"아니 6월말 배송이라 안산다며 개넘들아","포칫 "," ","06.04"
"저새끼 신렬교임 ㅋㅋㅋ","ㄱㅋ ","175.223 ","06.04"
"8분만에 1500개 완판한것만봐도 누가 갤주인지 명확해짐","ㅇㅇ ","219.249 ","06.04"
"여기 왤케 개판이냐","에덴의별 "," ","06.04"
"""그렘""이 며칠동안 빌빌대던 기록을 단 8분만에 뛰어넘음ㅋㅋㅋㅋ","ㅇㅇ ","219.249 ","06.04"
"""그렘"" 배송은 대체 언제 해준대냐? 으엌ㅋㅋㅋㅋㅋㅋㅋㅋ","ㅇㅇ ","219.249 ","06.04"
"테비 산 애들 미래.jpg","Lynnfield "," ","06.04"
"흠..","ㅇㅇ ","223.33 ","06.04"
"""그렘"" 아직까지 완판 못하고 빌빌대는거 보면 답나온듯ㅋㅋㅋㅋㅋㅋㅋ","ㅇㅇ ","219.249 ","06.04"
"디렘??????? 아 그 노잼 ㅋㅋㅋ 지금은 테비의 시대다!!!","ㅇㅇ ","121.150 ","06.04"
"""그 렘"" 쳐망하고 갓dk사단이 이끄는 테비가 신화를 써내리다.","ㅇㅇ ","219.249 ","06.04"
"디렘인지 뭔지 그거 망한거임?ㅋㅋㅋ","ㅇㅇ ","14.34 ","06.04"
"알밥새끼들에 낚여서 테비7.9만 막차 놓친 흑우들 읍제잉?","ㅇㅇ ","219.249 ","06.04"
"역시 이헤갤 갤주는 dk 엿다","ㅇㅇ ","219.249 ","06.04"
"""그 렘""은 꿈도 못꿀 속도로 테비 팔려나가네ㅋㅋㅋㅋㅋㅋㅋ","ㅇㅇ ","219.249 ","06.04"
"진짜는 모두가 알아보는 법..","ㅇㅇㅇ ","175.223 ","06.04"
"역시 DK갓 이게바로 DK 효과다!!!!ㅇ","ㅇㅇ ","121.150 ","06.04"
"이번에도 테비 7.9만 못탄 흑우 읍제잉? ㅋㅋㅋㅋㅋㅋㅋ","ㅇㅇ ","219.249 ","06.04"
"와 ㄹㅇ 닥헤보는줄 씨발","ㅇㅇ ","124.35 ","06.04"
"역시 DK갓 이게바로 DK 효과다!!!!","ㅇㅇ ","121.150 ","06.04"
"역시 DK갓 이게바로 DK 효과다!!!","ㅇㅇ ","121.150 ","06.04"
"뭐? 디렘? 그게 뭔가요? 테비는 아는데 ㅎㅎ","ㅇㅇ ","219.249 ","06.04"
"8분만에 1500개 완.판. dk의 또하나의 매직 판매신화..!","ㅇㅇ ","219.249 ","06.04"
"악질 디빠들아 8분만에 1500개품절 봣냐? 이게 dk다","ㅇㅇ ","219.249 ","06.04"
"8분만에 품절 이게 ㅡproducer DKㅡ 의 위엄이다!!","ㅇㅇ ","121.150 ","06.04"
"8분만에 1500개 완판..dk님 그는 도덕책....킹갓..","ㅇㅇ ","219.249 ","06.04"
"8분만에 품절 이게 ㅡproducer DKㅡ 의 위엄이다!!!ㅊ","ㅇㅇ ","121.150 ","06.04"
"개새끼들아 6월말 배송이면 아무도 안산다면서 ","ㅇㅇ ","223.39 ","06.04"
"8분만에 품절 이게 ㅡproducer DKㅡ 의 위엄이다!!!","ㅇㅇ ","121.150 ","06.04"
"외쳐 갓 DK!!!!!!!!!!","ㅇㅇ ","211.36 ","06.04"
"아니 근데 사운드픽","tttt ","210.123 ","06.04"
"살까말까 간보던 디빠새끼들 정의구현당햇노ㅋㅋㅋㅋㅋㅋㅋㅋ","ㅇㅇ ","219.249 ","06.04"
"2개 탑승햇다 벌써 품절 실화냐??","ㅇㅇ ","112.167 ","06.04"
"테비 다섯개 주문했다 꺼어어어억","ㅇㅇ ","211.36 ","06.04"
"아직도 디렘 빠는애들있냐 갓dk 갓 테비 !!!!!!!!!!!!!","ㅇㅇ ","121.150 ","06.04"
"디빠들 밑에서 빌빌댈때 갓테비는 8분만에 1500개 완판ㅋㅋㅋㅋㅋ","ㅇㅇ ","219.249 ","06.04"
"ㅋㅋㅋㅋㅋㅋㅋㅋㅋ 4개 구입 성공 개꾸르 ㅋㅋㅋㅋㅋㅋㅋㅋㅋㅋㅋㅋㅋㅋㅋㅋㅋ","ㅇㅇ ","39.118 ","06.04"
"검법남녀 보고 왔는데 품절이라니 ㅠ ㅠ","ㅇㅇ ","218.55 ","06.04"
"뭐라고? 테비 얘기만 나와도 이악물고 부들부들 하는 사람들이 있다고?","ㅇㅇ ","223.62 ","06.04"
"다음 달이면 테비 중고품 존나 올라오겠네 ㅋㅋㅋㅋㅋㅋ","Xelento ","106.102 ","06.04"
"씨부랄 테비 저건 알바때릴필요도없자나 ㅋㅋㅋㅋㅋㅋㅋㅋㅋㅋㅋㅋㅋㅋㅋㅋㅋㅋㅋ","ㅇㅇ ","112.171 ","06.04"
"봣냐 디빠들아 이것이 테비의 위엄이시다 ㅋㅋㅋㅋㅋㅋㅋㅋㅋ","ㅇㅇ ","219.249 ","06.04"
"테비갓 8분만에 1500개 완판기적 ㄷㄷㄷㄷㄷㄷㄷㄷㄷ","ㅇㅇ ","219.249 ","06.04"
"이게 테비다 !!!!!!!!!!! 8분만에 1500개 나감!!!!!","ㅇㅇ ","121.150 ","06.04"
"ㄹㅇ 벌써 테비 7.9대란 품절 됏음? ㄷㄷㄷㄷㄷ","ㅇㅇ ","219.249 ","06.04"
"테비갓 7.9 벌써 품절!!!!!!!!!!!!!!!!!","ㅇㅇ ","121.150 ","06.04"
"아 씨발 ㅋㅋㅋ 작업하다가 테비 늦었네 ㅠㅠ ㅋㅋㅋ","포칫 "," ","06.04"
"와 테비 8분만에 1500개 나간거?","ㅇㅇ ","223.39 ","06.04"
"테비 이번에 막차 놓치면 7.9만 영영 못 탈수도잇음 ㅇㅇ","ㅇㅇ ","219.249 ","06.04"
"에어팟 짭 1타가 뭐에요?","ㅇㅇ ","116.127 ","06.04"
"테피 7.9 품절 ㅋㅋㅋㅋ","ㅇㅇ ","39.118 ","06.04"
"청음해본갤러 말로는 테비가 듣는재미는 더 잇다던데 ㅇㅇ","ㅇㅇ ","219.249 ","06.04"
"일단 테비 결제해놓고 리뷰보고 결제취소하면됨","노배 ","211.211 ","06.04"
"솔직히 7.9만이면 무적권 닥 테비지","ㅇㅇ ","219.249 ","06.04"
"급식갤","ㅇㅇ ","1.238 ","06.04"
"노잼 디렘 사는 병신도 있냐 갓 테비 지금 바로 사라 !!!!!!!!!!","ㅇㅇ ","121.150 ","06.04"
"테비 이번이 7.9에 구입할수 잇는 마지막 기회일수도잇음","ㅇㅇ ","219.249 ","06.04"
"업자새끼 하루 완판이랜다 ㅋㅋ 티몬 위메프 에어팟 반값해봐라 10초컷이지","Lynnfield "," ","06.04"
"219.249 지능형 테비안티","ㅇㅇ ","180.189 ","06.04"
"테비 이번엔 하루도 안되서 완판될수도잇음 입소문타서","ㅇㅇ ","219.249 ","06.04"
"아직까지 테비7.9에 탑승못한 흑우읍제잉~? ㅎㅎ","ㅇㅇ ","219.249 ","06.04"
"테비 7.9에 탑승한 승자들 인증타임 ㄱㄱㄱㄱㄱ","ㅇㅇ ","219.249 ","06.04"
"어제처럼 살까말까 간보다가 품절될수잇으니 빨리 테비 ㄱㄱㄱ","ㅇㅇ ","219.249 ","06.04"
"서버시간까지본 내가 레전드다","tttt ","210.123 ","06.04"
"테비 이번에도 놓치면 ㄹㅇ 7.9마지막이댈수도 잇음","ㅇㅇ ","219.249 ","06.04"
"테비 곧 품절!!!! 바로 안사면 후회한다!!!","ㅇㅇ ","121.150 ","06.04"
"테비 10시에 예구 시작햇음 지금 바로 구매가능하다 게이들아 ","ㅇㅇ ","219.249 ","06.04"
"테비 안사씨발련아","ㅇㅇ ","112.171 ","06.04"
"개널널하네 ","ㅇㅇ ","175.223 ","06.04"
"앰프-DAC-노트북 볼륨 질문이여","ㅇㅇ ","121.160 ","06.04"
"업자새끼들 ㅋㅋㅋㅋㅋ완판은 개뿔","Lynnfield "," ","06.04"
"10시 지금 바로 테비 구매가능 ㄱㄱㄱㄱㄱ","ㅇㅇ ","219.249 ","06.04"
"잦박앗다 테비 바로 질러줄게ㅋㅋㅋㅋㅋㅋㅋㅋㅋㅋ","ㅇㅇ ","219.249 ","06.04"
"테비 10시에 예구 시작됏다!!!! 달리자!!!!","ㅇㅇ ","219.249 ","06.04"
"몰갤 대려와","steyr2000 "," ","06.04"
"10시!!!! 테비 바로 구매가능!!!!","ㅇㅇ ","121.150 ","06.04"
"테비 안사면 흑우다!!!! 무조건 사라!!!!","ㅇㅇ ","121.150 ","06.04"
"테비 공구  1분남앗다 각잡고 준비하자!!!","ㅇㅇ ","219.249 ","06.04"
"쟤 왜저럼??","ㅇㅇ ","223.33 ","06.04"
"갤럭시폰 아이패드 맥북 쓰는데 버즈랑 에어팟 중에 머삼?","ㅇㅇ ","222.232 ","06.04"
"테비 공구 시작 2분전!! 다들 달릴준비 됏능가여?","ㅇㅇ ","219.249 ","06.04"
"솔직히 낼 뒤질거라고 셀렌토 무나하면 가져가냐???","Xelento ","106.102 ","06.04"
"블투 이어폰 하나 사려는데 추천좀","ㅇㅇ ","58.123 ","06.04"
"솔직히 카쉑스","ㅇㅇ ","39.7 ","06.04"
"디렘 충전 크래들 ㅈ같으면","부민희 "," ","06.04"
"157.230 vpn까지 써서 테비 홍보하는 이유가 대체 뭘까","ㅇㅇ ","175.223 ","06.04"
"솔직히 자살 ㄹㅇ 할거긴함","Xelento ","106.102 ","06.04"
"쿼빗3 쓰다가 er3xr 샀음","ㅇㅇ ","223.39 ","06.04"
"근데 테비사는데 디렘을 왜 취소하노 ㅋㅋㅋㅋ","Xelento ","106.102 ","06.04"
"dk피셜) 오늘밤 10시에 테비 추가 예구 예정 ㅇㅇ","ㅇㅇ ","219.249 ","06.04"
"응급실 와서 자살할거라고 존나 푸념함","Xelento ","106.102 ","06.04"
"dk님이 공구햇던 물품중에 진짜 괜찮앗던거 뭐뭐잇오?","ㅇㅇ ","219.249 ","06.04"
"디시 재미로 하는 곳 아님?","ㅇㅇ ","223.38 ","06.04"
"지듣노","Cetaphil "," ","06.04"
"아이유 헤드폰 어떠냐?","ㅇㅇ ","175.223 ","06.04"
"니들 노래 하루에 몇시간 들음?","ㅇㅇ ","114.129 ","06.04"
"219.249 dk 알바임?;;;","ㅇㅇ ","203.255 ","06.04"
"아까 디렘빠들 발광하는거보고 헬지알바들 생각나더라","ㅇㅇ ","219.249 ","06.04"
"뽐뿌에 일부러 공구글 올렸는데 반응이 쎄하노","12 ","121.140 ","06.04"
"디렘은 이미 디락팬들도 실망해서 떨어져나간지 오래임","ㅇㅇ ","219.249 ","06.04"
"dk:외모동안 연대 컴공 포르쉐2대 형수님 미인이심","ㅇㅇ ","219.249 ","06.04"
"디빠들 다 어디갔냐 화력 왜이래?","steyr2000 "," ","06.04"
"이제 갈수록 유선이어폰들 메리트 줄어드는거 팩트아님?","ㅇㅇ ","219.249 ","06.04"
"dk 고추도 크냐?","12 ","121.140 ","06.04"
"dk피셜) 오늘밤 10시에 테비 추가예구 진행예정","ㅇㅇ ","219.249 ","06.04"
"오늘밤 10시에 테비 7.9만에 성공하고 만다 ㄹㅇㅋㅋㅋㅋㅋ","ㅇㅇ ","219.249 ","06.04"
"오늘 테비 7.9에 사고 평남겨준다","Lynnfield "," ","06.04"
"언제까지 유선쓸거임? 이제 대세는 무선 코드리스임 ㄹㅇ","ㅇㅇ ","219.249 ","06.04"
"뭐임? 디렘 뭔일있음?","ㅇㅇ ","223.33 ","06.04"
"헤메: 이헤갤등 각종 음향커뮤니티 유저이자 음향 유튜버","ㅇㅇ ","219.249 ","06.04"
"dk: 노라조 작곡 작사가 ,10만구독 음향유튜버","ㅇㅇ ","219.249 ","06.04"
"테비사야지","Cetaphil "," ","06.04"
"근데 dk는 뭐하는사람이냐?","ㅇㅇ ","39.117 ","06.04"
"헤메옹 왈) 디렘 테비가 왠만한 유선 이어폰급 음질이래ㄷㄷ","ㅇㅇ ","219.249 ","06.04"
"코드리스 화이트노이즈","oo ","175.223 ","06.04"
"뽐뿌인들 왜 dk님 싫어함? 영태형편임?","ㅇㅇ ","219.249 ","06.04"
"빠르면 내일쯤이면 테비받아서 후기글올라오겟네 ㄹㅇ","ㅇㅇ ","219.249 ","06.04"
"내일 테비 받는 형님들 알찬후기 부탁드림 ㄹㅇ ㅎㅎ","ㅇㅇ ","219.249 ","06.04"
"뽐뿌인달 메이주팝 찬양함? 이거dk님이 리뷰한거아님?","ㅇㅇ ","219.249 ","06.04"
"kxxs 대신 다른거 질렀다","트니 "," ","06.04"
"테비 오늘밤 10시에 예구 진행함 dk님 채널 참고하셈 ㅇㅇ","ㅇㅇ ","219.249 ","06.04"
"뽐뿌에서는 그럼 무슨 이어폰 찬양하길래 반응이 별로임?","ㅇㅇ ","219.249 ","06.04"
"kxxs는 언제부터 청음되냐?","steyr2000 "," ","06.04"
"형들 스트리밍어플 뭐 쓰세여?","ㅇㅇ ","180.224 ","06.04"
"헤메님 말로는 테비 디렘 둘다 음질은 되게 좋다함 ㅇㅇ","ㅇㅇ ","219.249 ","06.04"
"나는 디렘은 아쉬웟는데 mk3는 ㄹㅇ 기대되더라","ㅇㅇ ","219.249 ","06.04"
"테비 실제로 청음한 헤메포함 갤러들이 극찬한 이유가 잇음","ㅇㅇ ","219.249 ","06.04"
"디락 mk3나 나오면 좋겠다","ㅇㅇ ","223.33 ","06.04"
"오늘qcy t1s배송옴","ㅇㅇ ","180.224 ","06.04"
"테비 실제 청음한 사람말로는 7.9만이면 거저주는거라던디?","ㅇㅇ ","219.249 ","06.04"
"뽐뿌에 테비 올렸다 이거얔ㅋㅋ","12 ","121.140 ","06.04"
"개념 프로 이헤갤러:테비 디렘 에어팟 버즈씀","ㅇㅇ ","219.249 ","06.04"
"테비 듣고왓는데 개미쳣는데 이거 ㅋㅋㅋ","ㅇㅇ ","175.223 ","06.04"
"테비 나오는 순간부터 리버티에어같은게 젤 애매해졋지","ㅇㅇ ","219.249 ","06.04"
"코드레스 실사용자분들 무슨색이 무난하고 이쁜가여?","ㅇㅇ ","219.249 ","06.04"
"오늘밤 10시에 테비 추가 예구 진행한다니깐 대기중임 ㅇㅇ","ㅇㅇ ","219.249 ","06.04"
"디렘 무슨색이 더 나아보이냐","ㅇㅇ ","175.223 ","06.04"
"지금 살만한 코드리스는 qcy t1 디렘 테비정도임","ㅇㅇ ","219.249 ","06.04"
"오늘밤10시 테비공구하는거 무.적.권 7.9만 해줫으면ㅠㅠ","ㅇㅇ ","219.249 ","06.04"
"오늘밤 10시에 공구 진행하는거 그대로 7.9만이겟지?","ㅇㅇ ","219.249 ","06.04"
"루이비통 호라이즌 존나 사고싶잖아 사실","ㅇㅇ ","119.205 ","06.04"
"ㅇㅋqcy t1까진 싸서 ㅇㅈ함. 근데 리버티 에어는 에바임","ㅇㅇ ","219.249 ","06.04"
"아직 테비 디렘 고민중인놈 봐라","ㅇㅇ ","121.150 ","06.04"
"다들 상상임신이라도 했냐","ㅇㅇ ","14.33 ","06.04"
"지금 리버티에어 사면 ㄹㅇ 개호갱새끼임 뺨맞을각오하셈","ㅇㅇ ","219.249 ","06.04"
"dk피셜)오늘밤 10시에 테비 추가분 예구 진행예정","ㅇㅇ ","219.249 ","06.04"
"지금시점에서 qcy t1이나 리버티에어 사긴 늦엇음 ㅇㅇ","ㅇㅇ ","219.249 ","06.04"
"이재용이 이헤폰질을왜하냐?","단발홀릭 "," ","06.04"
"디렘은 지금이라도 보상 바꿔야한다 테비는 바이럴 ㅈ되는데","ㅇㅇ ","110.70 ","06.04"
"근데 6월말에 온다는 말이 어디서 나온거임?","StaLight "," ","06.04"
"디렘이든 테비든ㅋㅋ","ㅇㅇ ","223.38 ","06.04"
"오르바나 라이브 샀음","ㅁㄴㅇㄹ ","14.63 ","06.04"
"갓직히 이재용형님도 버즈안쓰고 테비 쓰실듯 ㅇㅇ","ㅇㅇ ","219.249 ","06.04"
"dk님 ㄹㅇ 음향계에서 빛과소금 같은분 아님?","ㅇㅇ ","219.249 ","06.04"
"근데 많이 팔린만큼 후폭풍 장난 아닐듯.","디락스쿨출신 ","125.190 ","06.04"
"219249같은놈때문에 팔릴것도 안팔림","단발홀릭 "," ","06.04"
"중고로 hd598 구매한거 오늘 왔다","ㅇㅇ ","119.204 ","06.04"
"바이럴 보통은 신경안쓰는데.","ㅇㅇ ","58.234 ","06.04"
"모르겟다 일단 오늘밤 10시에 테비 지르고 본다 샤발것ㅋㅋㅋㅋㅋ","ㅇㅇ ","219.249 ","06.04"
"야 오늘 10시에 테비 추가 예구하는거 살거임?","ㅇㅇ ","219.249 ","06.04"
"오늘10시에 예구해도 그거 6월말에오잖아 븅신아 ㅋㅋ","단발홀릭 "," ","06.04"
"219.249 = 호모나 분신","ㅇㅇ ","180.189 ","06.04"
"긴급공지)dk님 오늘밤 10시에 테비 추가 예구 진행하심","ㅇㅇ ","219.249 ","06.04"
"테비  100개 살껀데 되팔렘 얼마수익가능?ㄷㄷㄷㄷㄷㄷㄷㄷ","ㅇㅇ ","211.36 ","06.04"
"dk가 국내음향유튜버중에 대통령이엇네","ㅇㅇ ","219.249 ","06.04"
"오늘밤 10시에 dk님이 테비 추가 예구 진행한대 ㅇㅇ","ㅇㅇ ","219.249 ","06.04"
"지금 리버티 에어 9.9만에 산다? 테비를 놔두고?","ㅇㅇ ","219.249 ","06.04"
"몰갤은 219 쟤에비하면 아무것도아니었네","ㅇㅇ ","175.223 ","06.04"
"""그 렘""삿어야할 사람들이 테비가 더 잘나와서 거기에 몰리는거임","ㅇㅇ ","219.249 ","06.04"
"dk님이 추진력이랑 이미지가 워낙 좋다보니 물량 막대주나봄 ㅇㅇ","ㅇㅇ ","219.249 ","06.04"
"오늘 10시 테비 예구하는데 리버티 에어사는 흑우 읍제잉?","ㅇㅇ ","219.249 ","06.04"
"지금 시점에 와서 리버티에어 살바엔 예구하는 테비 삼 ㅇㅇ","ㅇㅇ ","219.249 ","06.04"
"리버티에어 지금 9.9주고 사면 호구냐","ㅂ ","222.109 ","06.04"
"dk님 추진력하난 대박이시네 ㄷㄷ오늘 긴급2차 예구진행함","ㅇㅇ ","219.249 ","06.04"
"""그렘""빠들아 오늘밤10시에 테비 늦지말고 주문성공해라ㅋㅋ","ㅇㅇ ","219.249 ","06.04"
"dk 간단설명) 현 음향 유튜버중 파급력 원톱 유튜버 ㅇㅇ","ㅇㅇ ","219.249 ","06.04"
"테비는 벌써 2차 예구 진행중인데 ""그 렘""은 진짜 뭐함?","ㅇㅇ ","219.249 ","06.04"
"나연 개못생김","Xelento ","106.102 ","06.04"
"어제 테비 놓친 갤러들아 오늘밤 10시에 추가 예구한댄다 ㅇㅇ","ㅇㅇ ","219.249 ","06.04"
"테비는 2차 예구 진행할동안 ""그 렘""은 뭐함?","ㅇㅇ ","219.249 ","06.04"
"""그 렘""은 쳐망하고 테비는 오늘밤10시 2차 예구 진행중ㅋㅋㅋㅋㅋㅋ","ㅇㅇ ","219.249 ","06.04"
"어짜피 코드리스 여름만 쓰고 되파는거 아니냐","Xelento ","106.102 ","06.04"
"결과적으로 파트론이 실수한건가","기숙사생 "," ","06.04"
"dk기 국내 음향리뷰어중에 구매력 영향력 원톱이라고 보면됨 ㅇㅇ","ㅇㅇ ","219.249 ","06.04"
"이번에 10시에 테비 물량 새로풀린다는거","ㅎㅇ ","14.47 ","06.04"
"""그 렘"" 쳐 망하고나니깐 광신도 디빠들도 시무룩한게 보임","ㅇㅇ ","219.249 ","06.04"
"역시 장사도 배운 사람이 해야함","ㅇㅇ ","112.187 ","06.04"
"""그 렘"" 망해서 은근히 꼬시다 느끼는 갤럼들 많을듯ㅋㅋㅋㅋㅋ","ㅇㅇ ","219.249 ","06.04"
"오디지 모비우스면 뉴비 종결 가능?","elpinciss "," ","06.04"
"파트론:언급조차 안됨,그렘:기세등등햇지만 테비에 쳐발림","ㅇㅇ ","219.249 ","06.04"
"dk님이 오늘밤 테비 추가 예구 진행한다네 그저 빛dk!!!!","ㅇㅇ ","219.249 ","06.04"
"얘들아 dk피셜)오늘밤 10시에 테비 추가 예구한단다 ㅇㅇ","ㅇㅇ ","219.249 ","06.04"
"노래 크게듣는편인데 에어팟쓰면 별로임 ?","ㅇㅇ ","125.134 ","06.04"
"서울대vs연대 컴공은 일단 연대컴공의 승리로 결판낫네ㅋㅋ","ㅇㅇ ","219.249 ","06.04"
"오호~dk님이 오늘밤 10시에 테비 추가 예구진행한다는데?","ㅇㅇ ","219.249 ","06.04"
"dk 연세대 컴공이냐?","평화주의자간지 ","110.70 ","06.04"
"dk피셜)오늘밤 10시에 테비 예구 추가진행!!!ㅅㅅㅅㅅㅅ","ㅇㅇ ","219.249 ","06.04"
"얘들아 테비 오늘밤 10시에 예구 진행한대 쑤와릿!!!!!","ㅇㅇ ","219.249 ","06.04"
"테비 오늘 10시에 다시 풀린다네요","fdafsd ","59.9 ","06.04"
"먼 시발 저 가격짜리 사고 승리자야 ㅋㅋㅋㅋ","Xelento ","106.102 ","06.04"
"뒤렘 모델을 안썼으면 더 저렴해지지 않았을까","ㅇㅇ ","218.148 ","06.04"
"qcy 화노도 잘 잡은거였네","ㅇㅇ ","124.61 ","06.04"
"이 싸움의 최종 승리자는 파트론이 될수도 잇음 ㅇㅇ","ㅇㅇ ","219.249 ","06.04"
"버즈 설정추천점","ㅇㅇ ","1.228 ","06.04"
"그래서 이 병신들 중 마지막에 웃는 사람이 누굴까?","ㅎㅇ ","14.47 ","06.04"
"언케 디렘 리뷰는 언제 올라오누","ㅇㅇ ","223.39 ","06.04"
"이헤갤 공식입장) 앞으로 이헤갤 갤주는 '프로듀서 dk'님","ㅇㅇ ","219.249 ","06.04"
"아니 근데 디렘 홍보영상..","기숙사생 "," ","06.04"
"디렘은 이제 그만 패배를 인정하시지요","ㅇㅇ ","219.249 ","06.04"
"지금은 테비충들 신났어도 결국 디렘이 살아남을것","Xelento ","106.102 ","06.04"
"테비는 여자 광고모델 있음?","ㅇㅇ ","223.62 ","06.04"
"dk성님:차 스피커 수천만원, 이쁜형수님 구독자 10만","ㅇㅇ ","219.249 ","06.04"
"말은 똑바로 하자","부민희 "," ","06.04"
"테비 : 6월말 / 디렘 : 17일경 일단 들어보고나서 평가하자","ㅇㅇ ","218.55 ","06.04"
"래드손 블로그 왜 없어짐?","ㅇㅇ ","223.33 ","06.04"
"디렘녀 예쁘지가 않아서 거름","ㅇㅇ ","175.223 ","06.04"
"이번 테비vs디렘 대전에서 테비를 승리로 이끈 dk장군님ㅋ","ㅇㅇ ","219.249 ","06.04"
"dk아조씨는 잘생기고 물건도 잘팔고 돈도 잘벌고 갤주답네","ㅇㅇ ","219.249 ","06.04"
"솔직히 충성 디락팬층 아니면 2만원 더주고 테비사는게 맞지","ㅇㅇ ","219.249 ","06.04"
"개븅신같은 디렘이 좋네 테비가 좋네 글 자꾸 올라오는 이유가 뭐냐면","ㅎㅇ ","14.47 ","06.04"
"디렘vs테비 둘중에 휘성 노래 듣기에 뭐가 더 좋아?","ㅇㅇ ","219.249 ","06.04"
"솔직히 디렘이 싼건지도 잘 모르겠다","기숙사생 "," ","06.04"
"왜 싸움","Limecat ","125.133 ","06.04"
"어뉴 u1은 여러가지 많이 들어보니까 알겠더라구","히키코모리찐따병신 "," ","06.04"
"과거 디락의 첫 출시때의 포스에 비하면 ""그 렘""은 조용하긴해","ㅇㅇ ","219.249 ","06.04"
"걍 둘다 사 그지새끼들아","ㅇㅇ ","121.150 ","06.04"
"""그 렘""은 너무 비싼척해서 많이 안팔린것도 잇을듯","ㅇㅇ ","219.249 ","06.04"
"한가지 느낀게 작정하고 dk님이 공구 진행하면 살수밖에 없겟드라.","ㅇㅇ ","219.249 ","06.04"
"그냥 M3나 기다립니다","마키세쿠리스 ","1.255 ","06.04"
"이러다 디렘파랑 테비파랑 현피뜨는거 아님 왜 난리야","ㅇㅇ ","218.55 ","06.04"
"헤드폰 뉴비인데 오테 40x vs 50x 뭐가 나을까?","ㅇㅇ ","223.38 ","06.04"
"디렘vs테비 대전에서 테비가 승리한건 다른게 없음.","ㅇㅇ ","219.249 ","06.04"
"그래서 테비 다음 공구는 언제예정임?","ㅇㅇ ","219.249 ","06.04"
"수월우 이어폰이 가성비가 좋은거같음","히키코모리찐따병신 "," ","06.04"
"""그 렘""이 생각보다 판매율이 저조해서 고심이 믾으실듯","ㅇㅇ ","219.249 ","06.04"
"""그 렘""빠들 말로만 그렘 찬양질 하지말고 제발좀 사줘라ㅠㅠ","ㅇㅇ ","219.249 ","06.04"
"유선보다 코드리스를 쓸 때 디자인을 많이 보게 되는 이유가 뭘까?","ㅇㅇ ","117.123 ","06.04"
"테비는 누워서코파면서 완판시킬때 ""그렘"" 영혼의 똥꼬쇼중ㅋㅋㅋ","ㅇㅇ ","219.249 ","06.04"
"""그 렘"" 아직까지도 완판 안됏냐?","ㅇㅇ ","219.249 ","06.04"
"이번 디렘 실망요소중에 qcy 기반인것도 영향잇을듯","ㅇㅇ ","219.249 ","06.04"
"광신도 디빠들 판매량 팩트폭행해주니 꿀먹은 벙어리됏누?","ㅇㅇ ","219.249 ","06.04"
"야 테비랑 디렘이랑 다 써본놈이 있긴함?","대장균 "," ","06.04"
"박사님께는 죄송하지만 이번 디렘1은 쉬고 디렘2살거임","ㅇㅇ ","219.249 ","06.04"
"이헤갤 공식) 코드리스 이어폰 추천제품.list","ㅇㅇ ","219.249 ","06.04"
"솔직히 19년인데 무선충전도 안대는 병신 코드리스는 다 거르자;","유성매직* "," ","06.04"
"팩트) 테비는 하루만에 5천대 완판, ""그 렘""은 언급도 없어짐","ㅇㅇ ","219.249 ","06.04"
"몇일내내 같은내용으로 계속 올리면서 디렘 까는걸 보면","ㅇㅇ ","39.7 ","06.04"
"dk가 영향력이 막강하긴 하더라 테비 하루만에 완판시키네","ㅇㅇ ","219.249 ","06.04"
"그래도 난 갤버즈에 만좆한다","평화주의자간지 ","110.70 ","06.04"
"""그 렘""빠들 조차도 외면해서 아직까지도 예구중..ㅠㅠ","ㅇㅇ ","219.249 ","06.04"
"""그 렘""빠들 착각하는게 가격할인해도 완판 못 시킴","ㅇㅇ ","219.249 ","06.04"
"코드리스는 소리 보다 편의성이 더 중요한거 같음","유성매직* "," ","06.04"
"테비:나오자마자 5천대 완판끝냄.그렘:아직까지 예구중.","ㅇㅇ ","219.249 ","06.04"
"wf1000x 갓갓갓 진짜 충성충성 ㄷㄷ77","ㅇㅇ ","118.223 ","06.04"
"이번 디렘의 패배요인을 잘 분석해서 디렘2에선 꼭 성공하시길 ㅇㅇ","ㅇㅇ ","219.249 ","06.04"
"파워비츠프로 원래 국내출시 6월 예정이였는데 7월로 밀렸다고함","ㅇㅇ ","117.123 ","06.04"
"디렘이 패배한 요인중하나가 너무 질질끌엇던탓도 잇는듯","ㅇㅇ ","219.249 ","06.04"
"테비는 디렘덕분에 많이 팔린것도 잇을듯 ㅇㅇ","ㅇㅇ ","219.249 ","06.04"
"님들 병신새끼임?","Raven "," ","06.04"
"테비 청음","tttt ","210.123 ","06.04"
"모멘텀 내일 배송오는데 파워비츠프로에 꽂혀버렸음","ㅇㅇ ","117.123 ","06.04"
"왈가왈부할거없이 테비 5천대완판 ,""그렘""은 못시킴 이게 팩트여","ㅇㅇ ","219.249 ","06.04"
"헤메 테비 리뷰는 어디서 봄","ㅇㅇ ","175.199 ","06.04"
"버즈 삼","호호 "," ","06.04"
"이번에 파워비츠프로는 음질 어때 괜찮은편임?","ㅇㅇ ","219.249 ","06.04"
"테비 디렘 이런제품들 없엇으면 에어팟 버즈 삿어야함.","ㅇㅇ ","219.249 ","06.04"
"확실히 코드리스는 디자인도 많이 신경쓰게 된다","ㅇㅇ ","117.123 ","06.04"
"dk님의 10만 구독자+파격적인 4만원 할인된 테비=""완판""","ㅇㅇ ","219.249 ","06.04"
"디렘,테비고 나발이고 가성비갑은","ㅇㅇ ","175.215 ","06.04"
"파워비츠프로 꽂혔는데 존버해야하나","ㅇㅇ ","117.123 ","06.04"
"코드리스 이어폰을","부민희 "," ","06.04"
"평소에 dk를 싫어하던 사람도 이번 테비만큼은 ㅇㅈ하더라","ㅇㅇ ","219.249 ","06.04"
"ㄹㅇ 디렘은 언케에 맞길게아니라 dk한테 부탁햇어야함","ㅇㅇ ","219.249 ","06.04"
"dk 개인적으로 안좋아하긴하는데","tttt ","210.123 ","06.04"
"ㄹㅇ dk성님 구독자되고 지갑이 남아날일이 없잖어ㅋㅋㅋㅋㅋㅋ","ㅇㅇ ","219.249 ","06.04"
"사실상 디렘 판매율이 저조한거는 디렘2 기대감도 잇지","ㅇㅇ ","219.249 ","06.04"
"디렘 사볼까 ","마키세쿠리스 ","1.255 ","06.04"
"dk님이랑 테비관계자는 진작에 완판끝내고 싱글벙글중인데ㅋㅋㅋㅋㅋ","ㅇㅇ ","219.249 ","06.04"
"오테 거 ATH-M40X 어떄?","ㅇㅇ ","110.12 ","06.04"
"디렘 홍보&아갈질만 하고 보내지도 않고","ㅇㅇ ","223.38 ","06.04"
"디렘이 테비에 처참하게 발린 요인은 뭐가 잇을까?","ㅇㅇ ","219.249 ","06.04"
"""그렘"" 빠들께 묻습니다 이제 패배를 인정하시겟습니까..?","ㅇㅇ ","219.249 ","06.04"
"dk님 다음 공구도 완판될동안 그 렘 완판 못시키면 진짜ㅋㅋㅋ","ㅇㅇ ","219.249 ","06.04"
"219.249 글 그만 올릴때 다시올게.","디락스쿨출신 ","125.190 ","06.04"
"우리 ""그 렘""빠 형님들은 판매율도 저조한 주제에 추하기까지 하네?","ㅇㅇ ","219.249 ","06.04"
"나 어제 오후 두시쯤 결제했는데 언제올까?","ㅇㅇ ","223.33 ","06.04"
"테비가 가격낮춘게 신의한수인게 10만원대랑 느낌부터 다름.","ㅇㅇ ","219.249 ","06.04"
"""그 렘""빠들 끝까지 패배인정안하고 할인드립치던 모습ㅋㅋㅋㅋ","ㅇㅇ ","219.249 ","06.04"
"""그 렘"" 알바들 테비 할인해서 5천대 팔렷다 개드립치다 잠수탐","ㅇㅇ ","219.249 ","06.04"
"오 집하 떴네","ㅇㅇ ","210.178 ","06.04"
"개념글에 음이 쏠린다는게 뭔말이냐","ㅇㅅㅇ;; "," ","06.04"
"여기 광신도 디빠들이 알바짓해도 판매량은 거짓말을 못함.","ㅇㅇ ","219.249 ","06.04"
"청음기 없음?","ㅇㅇ ","175.199 ","06.04"
"근대 디렘산분들 논리가좀이상한게..ㄹㅇ","ㅇㅇ ","121.163 ","06.04"
"테비 :첫날에5천대 완판 진작에 끝냄. ""그 렘"":....?","ㅇㅇ ","219.249 ","06.04"
"디렘vs테비 승부 결론은 판매율 보면됨.","ㅇㅇ ","219.249 ","06.04"
"디렘vs테비","ㅇㅇ ","211.247 ","06.04"
"디락빠들과 헬지알바들의 공통점.fact","ㅇㅇ ","219.249 ","06.04"
"야옹야옹 저새끼는 이제 여기서지랄하네","ㅇㅇ ","106.102 ","06.04"
"Uplift2 도 평가부탁드립니다","ㅇㅇ ","59.13 ","06.04"
"후후우우우우~~","한플 "," ","06.04"
"""그 렘""빠들 5천대도 못판새끼들이 나대다가 싸대기 쳐맞네ㅋㅋㅋㅋㅋ","ㅇㅇ ","219.249 ","06.04"
"E1000 E2000은 어떤가요","ㅇㅇ ","59.13 ","06.04"
"방음 차음 잘되는 이어폰 추천해주세요","ㅇㅇ ","59.13 ","06.04"
"테비 사면 되는거지?","ㅇㅇ ","211.247 ","06.04"
"형들 이어폰 하나사려는디 ie800 vs n3ap 뭐가젛을까","ㅇㅇ ","221.150 ","06.04"
"확실한건 지금 도배하는애들은 디렘쪽알바네","ㅇㅇ ","110.70 ","06.04"
"속보)""그 렘""빠들 다음 지령받고 작전회의중임","ㅇㅇ ","219.249 ","06.04"
"팩트)""그 렘""빠들은 5천대 완판도 못시킨주제에 나대고다녓음","ㅇㅇ ","219.249 ","06.04"
"""그 렘""빠들은 일단 5천대 완판부터 시키고 오라 이거야","ㅇㅇ ","219.249 ","06.04"
"""그 렘"" 빠들 숨도못쉬게 팩트폭행 쳐맞고 다들 쥐구멍에 숨엇누?","ㅇㅇ ","219.249 ","06.04"
"헤드폰 추천점","ㅇㅇ ","218.156 ","06.04"
"언케40만이니 해도 dk10만 충성 구독자들앞에 무너지는구나","ㅇㅇ ","219.249 ","06.04"
"쿼드비트1 5000원도 안해서 2개 샀는데 이상해","ㅇㅇ ","117.111 ","06.04"
"팩트)dk가 다음 공구도 완판할동안 ""그렘""은 완판 못 시킬듯","ㅇㅇ ","219.249 ","06.04"
"dk는 연대 공대의 냉철한 두뇌와 따듯한 감성이 공존하는 남자다.","ㅇㅇ ","219.249 ","06.04"
"팩트)차기 갤주는 dk ,이헤갤 공식 샌드백은 ""그 렘""빠들","ㅇㅇ ","219.249 ","06.04"
"""그 박사""님도 악질 디빠들때문에 고민이 많으실듯","ㅇㅇ ","219.249 ","06.04"
"""그렘""빠들 어쩌다가 이헤갤 공식 샌드백 신세가 되버렷음?","ㅇㅇ ","219.249 ","06.04"
"""그 렘""빠들 판매량 얘기만 꺼내면 눈에 눈물 그렁그렁 맺힘ㅠ","ㅇㅇ ","219.249 ","06.04"
"이헤갤꼬라지이래서 스마갤가려해도","ㅇㅇ ","223.38 ","06.04"
"""그 렘""빠들 테비에 처참하게 얻어터지고 난민신세됨ㅋㅋㅋㅋㅋ","ㅇㅇ ","219.249 ","06.04"
"판매량 더블 스코어로 쳐발린 ""그 렘""빠들은 구석에서 아닥좀ㅋ","ㅇㅇ ","219.249 ","06.04"
"이헤갤은 마이너갤 없음?","부민희 "," ","06.04"
"오늘로써 dk님이 이헤갤 갤주가된 이유가 명확해졋네","ㅇㅇ ","219.249 ","06.04"
"본인 테비두개삿는데 코드리스 입문임","ㅇㅇ ","175.223 ","06.04"
"2만원 밖에 차이안나는데 저걸 고민하는게 이상한거지","ㅇㅇ ","219.249 ","06.04"
"파트론 관심 좀........","ㅂㅈㄷㄱㅅ ","107.178 ","06.04"
"솔까 누가보더라도 2만원 더주고 테비 가는게 맞앗지","ㅇㅇ ","219.249 ","06.04"
"퇴비 vs 엠뒤렘","steyr2000 "," ","06.04"
"지금 무슨떡밥이야 정리 요망 !!!","ㅇㅇ ","211.247 ","06.04"
"테비가 완판되니깐 ㅂㄷㅂㄷ대는 못난""그 렘""빠들 ","ㅇㅇ ","219.249 ","06.04"
"나오지도 않은거 두개로 싸우는애들은","회충. "," ","06.04"
"광신도 디빠들도 거를정도로 이번 디렘은 실망이엇음?","ㅇㅇ ","219.249 ","06.04"
"디렘이 테비에 처참하게 발린 이유가 뭐냐?","ㅇㅇ ","219.249 ","06.04"
"다음 테비 공구 7.9라 생각함?","제다이(Jedi) "," ","06.04"
"팩트)광신도 디빠들이 부정해도 dk가 완판시킨건 팩트임.","ㅇㅇ ","219.249 ","06.04"
"팩트폭격)이헤갤 광신도 디빠들만 dk 영향력 무시함","ㅇㅇ ","219.249 ","06.04"
"[난제] 테비 vs 1000xm3 ㄷㄷㄷㄷㄷㄷ","ㅇㅇ ","211.36 ","06.04"
"디렘참패요인)테비가 배터리 6시간이나 더 길고 usb c타입 지원함","ㅇㅇ ","219.249 ","06.04"
"이헤갤 왜이렇게됨?","회충. "," ","06.04"
"그냥 팩트) 키워드차단하면 깔끔해질라나","하루한달 "," ","06.04"
"구독자 10만짜리 dk님이 이젠 확실히 이헤갤주네","ㅇㅇ ","219.249 ","06.04"
"테비를쓰냐.. 니들 돈많네","ㅇㅇ ","110.70 ","06.04"
"디렘 걱정 ㄴㄴ 해","디락스쿨출신 ","125.190 ","06.04"
"테비 5천대 팔릴동안 반은 팔렷음? ㅋㅋㅋㅋㅋ","ㅇㅇ ","219.249 ","06.04"
"배송중 떠있는데 내일안에올까","하루한달 "," ","06.04"
"""그 렘""빠들 알바할시간에 하나라도 더사줫으면 지금 완판낫을듯","ㅇㅇ ","219.249 ","06.04"
"테비로 재미좀보다가 소니 1000xm3나오면 갈아타야지 ㅋㅋ","ㅇㅇ ","117.111 ","06.04"
"테비7.9만 방수o 배터리 10시간 usb c타입 느그 렘은?","ㅇㅇ ","219.249 ","06.04"
"1차보다 2차예판이 더 싸네.. 뭐지이게","ㅇㅇ ","222.236 ","06.04"
"팩트폭격) 솔직히 ""그 렘""빠들도 테비가 더 좋다고 생각중임","ㅇㅇ ","219.249 ","06.04"
"근데 이번 알바싸움은 디렘쪽이 개쳐발린거자나ㅋㅋ","ㅇㅇ ","110.70 ","06.04"
"팩트)디렘삿는데 테비가 더 괜찮게 나와서 멘붕중임","ㅇㅇ ","219.249 ","06.04"
"버즈 끊김 서비스센터에서 해결해줌?","ㅇㅇ ","106.101 ","06.04"
"테비 2차 공구 5천대해도 하루만에 완판날듯 ㄷㄷ","ㅇㅇ ","117.111 ","06.04"
"테비는 5천대 팔릴동안 디락빠들은 손가락빨며 구경함","ㅇㅇ ","117.111 ","06.04"
"한둘이 아님.. 그냥 바이럴마케팅 업체가 전문적으로 손쓰는거같음","my-fi "," ","06.04"
"팩트) 똥꼬쇼 끝나면 아무도 안살듯 ㅋㅋ","ㅇㅇ ","211.36 ","06.04"
"테비 다음 7.9만 공구는 언제쯤임?","ㅇㅇ ","117.111 ","06.04"
"팩트) 테비듣보라 눈물의30%똥꼬할인쇼 ㅋㅋㅋ","ㅇㅇ ","211.36 ","06.04"
"""그 렘"" 빠들이 부들거려도 테비 5천대 완판은 변하지 않음","ㅇㅇ ","117.111 ","06.04"
"사기꾼 개새끼","호호 "," ","06.04"
"그냥 650이랑 600이랑은 평가가 갈리는게","e3개 "," ","06.04"
"테비 집하~","ㅇㅇ ","110.34 ","06.04"
"근데 테비 디렘을 떠나서 DK 리뷰 못 믿겠던데","ㅇㅇ ","117.111 ","06.04"
"모찌팁와서 버즈에 꼈는데 너무 잘빠진다","도마수 "," ","06.04"
"여기 거지갤임?","ㅇㅇ ","223.62 ","06.04"
"지금 차단하면 클린한것) 211.36 219.249","ㅇㅇ ","175.112 ","06.04"
"ㅋㅋㅋㅋㅋ저새낀대체왜","ㅇㅇ ","39.7 ","06.04"
"219.249 = 테비공구시즌에 갑자기 등장한 아이피","ㅇㅇ ","211.36 ","06.04"
"팩트) 테비 30%할인없었으면 100대도 못팔았음","ㅇㅇ ","211.36 ","06.04"
"팩트폭격)""그 렘"" 빠들도 이번엔 거르고 그 렘2 기다리는 중임","ㅇㅇ ","219.249 ","06.04"
"219.249 쟤는 단순 어그로 도배충이 아님","ㅇㅇ ","223.62 ","06.04"
"팩트) 테비 듣보라서 할인없으면 아무도 안삼 ㅋ","ㅇㅇ ","211.36 ","06.04"
"디락 충성 매니아들 조차도 이번만큼은 테비 골랏을듯","ㅇㅇ ","219.249 ","06.04"
"테비랑 디렘이 뭐길래 이 지랄인가 했더니","ㅇㅇ ","175.223 ","06.04"
"팩트) 테비평생팔 물량을 땡겨서 판 거","ㅇㅇ ","211.36 ","06.04"
"팩트) 디렘은 오래 기다려온 디락빠들도 내심 실망함ㅋㅋㅋㅋ","ㅇㅇ ","219.249 ","06.04"
"팩트) 테비할인없었으면 100대도 못팔았음","ㅇㅇ ","211.36 ","06.04"
"홍보 리뷰어도 테비가 승자임.","ㅇㅇ ","219.249 ","06.04"
"팩트) 테비공구끝나면 테퀴벌래들 자연소멸","ㅇㅇ ","211.36 ","06.04"
"씨발 쓰레기같은 코드리스가지고 좋다 나쁘다좀 하지말라고","e3개 "," ","06.04"
"팩트) 공구끝나면 테비 아무도안삼","ㅇㅇ ","211.36 ","06.04"
"결혼은 진짜 최악의 선택인거 같다","ㅇㅇ ","117.111 ","06.04"
"디렘 쓰는사람 특) usb c타입이 뭔지 모름","ㅇㅇ ","219.249 ","06.04"
"팩트) 테비할인안했으면 100대도 안팔렸다","ㅇㅇ ","211.36 ","06.04"
"테비 5천대 코인에 미처 못 탄사람이 디렘 사겟음?","ㅇㅇ ","219.249 ","06.04"
"지금떡밥뭔데?","ㅇㅇ ","106.247 ","06.04"
"USB C타입 장점이 뭐임??","ㅌㅂㄷㄹ ","175.201 ","06.04"
"디렘은 딱봐도 디렘2 정도되야 기대될만하지 시기상조임","ㅇㅇ ","219.249 ","06.04"
"야 니네 한국인 맞냐?","ㅇㅇ ","223.33 ","06.04"
"요즘도 저딴 저질알바 쓰면서 선동하나?","ㅇㅇ ","175.194 ","06.04"
"이번 디렘도 기어코 악질 디락빠들이 묻어서 끝난듯 ㅋㅋㅋㅋ","ㅇㅇ ","219.249 ","06.04"
"아마 악성 디락빠들때매 디렘 구매취소한 사람도 많을듯","ㅇㅇ ","219.249 ","06.04"
"219.249 = 테비공구시즌에 갑자기 등장한 아이피","ㅇㅇ ","211.36 ","06.04"
"내꺼테비 집하완료인데 내일도착허냐 ㅎㅎ","ㅇㅇ ","115.94 ","06.04"
"얄투 크세 좋다","ㅇㅇ "," ","06.04"
"219.249 = 며칠전부터 도배중인 알밥새끼","ㅇㅇ ","211.36 ","06.04"
"그 렘특)아직까지 완판 못 시키고잇음 ㅋㅋㅋㅋㅋㅋㅋ","ㅇㅇ ","219.249 ","06.04"
"팩트) 테비가 디렘보다 두배비싸다","ㅇㅇ ","211.36 ","06.04"
"팩트체크)디렘빠들이 발악해댈수록 완판의 꿈은 멀어져감","ㅇㅇ ","219.249 ","06.04"
"테비사는이유=할인많이해주니까","ㅇㅇ ","211.36 ","06.04"
"디렘 레이턴시 나온거있음?","ㅇㅇ ","180.231 ","06.04"
"팩트) 테비들어보고 사는새끼 아무도없음","ㅇㅇ ","211.36 ","06.04"
"2만원 밖에 차이안나는데 배터리는 2배 차이가 난다?","ㅇㅇ ","219.249 ","06.04"
"팩트) 공구끝나면 테비안팔림","ㅇㅇ ","211.36 ","06.04"
"씨발 디렘까랑 테비까랑 같은새끼같은데","e3개 "," ","06.04"
"이기든 말든 판매량이 어찌되든 상관있남","하루한달 "," ","06.04"
"테비가 예상외로 잘나오니깐 그 렘빠들 멘붕에 빠짐 ㅋㅋ","ㅇㅇ ","219.249 ","06.04"
"211.36이랑 219.249랑 같은새끼임 ㅋㅋㅋ시발럼","ㅇㅇ ","125.136 ","06.04"
"윾동 몇명 차단했더니 전체가 흰색이네","ㅇㅇ ","124.50 ","06.04"
"Qcy t1 왔는데","ㅇㅇ ","123.111 ","06.04"
"팩트) 테비는 평생팔 물량 땡겨서판거다","ㅇㅇ ","211.36 ","06.04"
"줄감개 가격 올랐냐","ㅇㅇ ","39.7 ","06.04"
"뭔 갤에 유동이 이렇게 많음","RTJ ","1.229 ","06.04"
"t3 쿠폰먹여서 30100원에 샀는데 잘산거냐?","ㅇㅇ ","175.223 ","06.04"
"""그 렘""빠들 완판도 못시키는 주제에 할인드립 가소롭다.","ㅇㅇ ","219.249 ","06.04"
"테비) 디렘이겨볼려고 무려 30%할인 ㅋㅋㅋㅋ","ㅇㅇ ","211.36 ","06.04"
"테비 첫날에 5천대 팔릴동안 아직까지 품절 못시킨 제품이 잇다??","ㅇㅇ ","219.249 ","06.04"
"테비:첫날 5천대 완판 ,""그 렘"":....","ㅇㅇ ","219.249 ","06.04"
"팩트) 219.249가 디렘 테비 싸움 붙히는거임 ㅋㅋㅋㅋㅋ","ㅇㅇ ","125.136 ","06.04"
"그락빠 논리= 멜론 스트리밍 쿵쾅언냐들 논리","ㅇㅇ ","117.111 ","06.04"
"테비vs디렘 대전은 테비 승리로 끝낫는데 디렘알바들 추하다.","ㅇㅇ ","219.249 ","06.04"
"팩트) 베비공구때 내구성 문제 심각했다","ㅇㅇ ","211.36 ","06.04"
"이어폰에 le라써있는 오버이어 뭐임","ㅇㅇ ","117.111 ","06.04"
"누가 이어폰 사고 이갤 들어와서 맨날 자위하고 실드침 ㅋㅋ","ㅇㅇ ","117.111 ","06.04"
"디렘 결정적으로 거른이유가 배터리 4시간이긴함.","ㅇㅇ ","219.249 ","06.04"
"팩트)테비구림","ㅇㅇ ","223.62 ","06.04"
"테비 예구물량은 qc이슈 없겠지..?","하루한달 "," ","06.04"
"팩트) 테비는 할인끝나면 좆망함","ㅇㅇ ","211.36 ","06.04"
"으악 테비 디렘 얘기 때문에 갤터지겠너","리진 "," ","06.04"
"에어팟 버즈사기 부담스러우면 테비 사면 됨 ㅇㅇ","ㅇㅇ ","219.249 ","06.04"
"팩트뜻도 모르는 디빠 ㅋ","ㅇㅇ ","117.111 ","06.04"
"팩트) 베비때도 알밥들 설쳤다","ㅇㅇ ","211.36 ","06.04"
"팩트) 테비는 할인끝나면 좆망한다","ㅇㅇ ","211.36 ","06.04"
"디렘 말이 배터리4시간이지 ㅋㅋㅋㅋㅋ","ㅇㅇ ","125.136 ","06.04"
"신렬 박사님 다음 디렘2부턴 dk님한테 홍보 부탁할듯?","ㅇㅇ ","219.249 ","06.04"
"이헤갤에 알바 전통적으로 풀면서 논리없는 생고집부리는건 ","ㅇㅇ ","117.111 ","06.04"
"미친디빠도배충 저녁먹고 또 도배하누 ㅋㅋㅋㅋ","ㅇㅇ ","223.38 ","06.04"
"테비처럼 할인30%때리면 메이주팝도 5천대팔림","ㅇㅇ ","211.36 ","06.04"
"걍 디렘... 마케팅 총체적 난국임...","xx ","59.6 ","06.04"
"신렬좌(현 이헤갤주) 갤주의 자리가 위협받고 잇는디?","ㅇㅇ ","219.249 ","06.04"
"테비는 완판시키고 디렘은 완판 못시킨 결정적인 이유.fact","ㅇㅇ ","219.249 ","06.04"
"테비가 살아남는 유일한 방법.fact","ㅇㅇ ","211.36 ","06.04"
"팩트) 에어팟은 3500만대팔림ㅋㅋㅋㅋ","ㅇㅇ ","117.111 ","06.04"
"베비도 그랬지 공구때만 깔짝팔리고 망함 ㅎ","ㅇㅇ ","211.36 ","06.04"
"아니 신렬좌 선상님","리진 "," ","06.04"
"뭐가 프록시야 ㅋㅋㅋ 지가 프록시쓴다고 남들도 다쓰는지 아나보네","ㅇㅇ ","117.111 ","06.04"
"dk가 테비 5천대 완판시킨거는 ㄹㅇ 대단하긴 하네","ㅇㅇ ","219.249 ","06.04"
"팩트) 할인끝나면 테비안팔림 ㅋ","ㅇㅇ ","211.36 ","06.04"
"디렘 완판 못시킨이유","ㅇㅇ ","223.62 ","06.04"
"내가 신렬좌였으면 남은거 다 산다","ㅇㅇ ","117.111 ","06.04"
"구독자 40만따리 언케의 디렘 vs 구독자10만 dk 테비승!","ㅇㅇ ","219.249 ","06.04"
"디렘도 테비처럼 30%할인했으면 완판났음","ㅇㅇ ","211.36 ","06.04"
"현상황)디렘은 완판 못 시킴. 테비는 첫날에 5천대 완판시킴","ㅇㅇ ","219.249 ","06.04"
"신렬아재 다음부턴 언케 손절깔듯ㅋ","ㅇㅇ ","125.136 ","06.04"
"테퀴벌레들 전부 프록시네 ㅋㅋㅋㅋㅋ","ㅇㅇ ","211.36 ","06.04"
"테비 배송비 있음?","ㅇㅇ ","39.7 ","06.04"
"솔직히 테비 품절난거 존나 신기하긴함","steyr2000 "," ","06.04"
"테비는 dk님 홍보 아니엇어도 완판될 제품이엇지 ","ㅇㅇ ","219.249 ","06.04"
"이번에 디렘 이압 없앤거 확실함??","ㅇㅇ ","219.249 ","06.04"
"테비 착샷 난 별로 나쁘지 않다고 생각함.","ㅇㅇ ","219.249 ","06.04"
"디렘은 이압이 사라지니까 뭔가 또 다른 하자가 있을 것 같음","ㅇㅇ ","223.62 ","06.04"
"디렘 장점: 사면 커여운 박사님의 카드를 얻을수잇음.","ㅇㅇ ","219.249 ","06.04"
"아아아 kxxx 함 타볼까 ㅋㅋ","포칫 "," ","06.04"
"테비vs디렘 일단은 테비 승리인듯","ㅇㅇ ","219.249 ","06.04"
"테퀴벌레들 극혐이네","ㅇㅇ ","117.111 ","06.04"
"테비 청음후기 올리시는분들이 점점 등장하시네","ㅇㅇ ","219.249 ","06.04"
"아이팟이엿구나... ㅈㅅ ㅎㅎ;;","유카리나 "," ","06.04"
"팩트) 테비할인없었으면 100대도 안팔렸음","ㅇㅇ ","211.36 ","06.04"
"형들 이어폰 샀는데 케이스  때문에  안들어가 어떻게  해야되?","김시잘 ","211.219 ","06.04"
"디렘 테비대결 요약하면 이거맞냐?.txt","ㅇㅇ ","125.136 ","06.04"
"코드리스 몰래 듣기 최고존엄은 뭐임?","ㅇㅇ ","223.62 ","06.04"
"SUNDARA 환불완료","ㅇㅇ ","58.142 ","06.04"
"개좆같은씨발놈에새끼들진짜씨발뒤지고싶냐","ㅇㅇ ","117.111 ","06.04"
"애초에 예구 방법이 다른데 판매량으로 비교는 좀","유성매직* "," ","06.04"
"ㄹㅇ 엘지든 디렘이든ㅋㅋㅋ","ㅇㅇ ","223.38 ","06.04"
"나같아도 디씨에 알바 풀거같음 2030대 최대 커뮤니티가","ㅇㅇ ","223.62 ","06.04"
"의사몰 꿀잼사건 터졌네 ㅋㅋㅋㅋ","ㅇㅇ ","106.247 ","06.04"
"디렘이 예구기간에 만원만 할인했어봐라","ㅇㅇ ","112.171 ","06.04"
"스펙 차이가 나는데 무슨 홍보부족 타령하고있냐","ㅇㅇ ","110.70 ","06.04"
"형들 ie800중고 vs er4xr 새거   뭐사는개좋을까","ㅇㅇ ","221.150 ","06.04"
"소비심리학 전공인데 테비가 마케팅을 잘했음","ㅇㅇ ","159.65 ","06.04"
"디렘, 테비, kxxs","어푸 "," ","06.04"
"오픈형 헤드폰 처음써보는데 느낌 이상하다","ㅇㅇ ","119.204 ","06.04"
"테비 배송뜬건좋은데 ...","ㅇㅇ ","175.223 ","06.04"
"이어팟 플랫성향 맞음??","ㅇㅇ ","175.223 ","06.04"
"테비저거 mpow t5랑 같은거 아님?","ㅇㅇ ","211.36 ","06.04"
"테비는 1차판매가 5천대고 디렘은 1600대임??","ㅇㅇ ","223.38 ","06.04"
"테비 1차배송분...200만...삽니다...","ㅇㅇ "," ","06.04"
"테비 연결성 문제만 없으면 좋겠다","하루한달 "," ","06.04"
"사캣에 얄포 as보내는데","ㅇㅇ ","223.38 ","06.04"
"디렘 vs 테비","ㅇㅇ ","112.187 ","06.04"
"삼성 번들이랑 쿼드비트중에서 뭐가 괜찮나요?","ㅇㅇ ","112.170 ","06.04"
"근대 버즈에어팟말고 오른쪽왼쪽이 각각 독단적인유닛인건없지??","ㅇㅇ ","210.178 ","06.04"
"님들 근데 왜 2차전 안함?","ㅇㅇ ","110.70 ","06.04"
"발송중인 테비 집하는 언제하는거냐","ㅇㅇ ","175.223 ","06.04"
"qcy t1샀는데 ㅆㅅㅌㅊ인데:?","ㅇㅇ ","112.187 ","06.04"
"그러니까 버즈는 이제 쓰레기지?","ㅇㅇ ","180.189 ","06.04"
"역시 조선놈들한테는 마케팅도 다르게해야돼","ㅇㅇ ","175.223 ","06.04"
"형님들 고3인데 디램 살까요 테비살까요","호우1 ","110.70 ","06.04"
"야갤버즈레이턴시어떰","갓세 ","110.70 ","06.04"
"헤드폰 추천좀 해주실 용사님 구합니다.","말랑카우흑우 ","147.6 ","06.04"
"거지면 디렘사는거고 여유잇는놈들이나 버즈 에어팟같은거사는거지","ㅇㅇ ","223.38 ","06.04"
"얄포에 잘 맞는다는 웨스톤 블루팁이 어떤거냐","ㅇㅇ ","121.140 ","06.04"
"테비 6.3 새벽 2시 이전 주문건까지 오늘보낸거같어라","ㅇㅇ ","223.39 ","06.04"
"왜그리 테비디렘 EQ 그딴거에 목숨건지알겠다","솩형팬더 "," ","06.04"
"디렘은 홍보 부족이었다고 밖에 말 못하겠다","부민희 "," ","06.04"
"mtw 치찰음은 별로 없네","핑크료코 "," ","06.04"
"학생인데요 가성비 좋은 블루투스 이어폰좀 추천해주세요","ㅇㅈㅇ ","223.38 ","06.04"
"소니는 헤드폰팔때그냥 허니버터마케팅좀제발했으면좋겠다","솩형팬더 "," ","06.04"
"카나스 프로도 쨍한느낌인데 저음 없고 더쨍하다고?","ㅇㅇ ","117.111 ","06.04"
"10시 10분인데 오늘 쐈네 ㅋㅋ","ㅇㅇ ","110.34 ","06.04"
"좀 재밌게좀 싸워바 병신들아","ㅇㅇ ","110.70 ","06.04"
"ㅋㅋㅋㅋ kxxs 직구하게?","ㅇㅇ ","117.111 ","06.04"
"소니 TWS 왜케 못만듬?","ㅇㅇ ","178.128 ","06.04"
"택배거래 했다는 갤럼인데","ㅇㅇ ","220.117 ","06.04"
"디렘이 불쌍하노..","평화주의자간지 ","110.8 ","06.04"
"테비랑 모멘텀 프랑켄 비슷함?","ㅇㅇ ","175.223 ","06.04"
"2차전 들어가나연?","ㅇㅇ ","110.70 ","06.04"
"나 테비 수요일날 꼭 받아야함","ㅇㅇ ","223.62 ","06.04"
"아 새벽2시주문인데 발송안뜨네","Evgir "," ","06.04"
"치찰음 eq로 잡고 thd 3퍼아래만 나오면됨","ㅇㅇ ","211.185 ","06.04"
"아..괜히 재주문했네","ㅇㅇ ","117.111 ","06.04"
"센징이 틀린거 인정 잘 해","ㅇㅇ ","110.76 ","06.04"
"wf-1000x에서 테비 or 디렘","ㅇㅇ ","121.164 ","06.04"
"그렘에 들어간 팩토리튜닝은 디지털이큐와 다르다","평화주의자간지 ","110.8 ","06.04"
"어제부터 갤 좀 봤는데 느낀점","ㅇㅇ ","223.33 ","06.04"
"근데 버즈는 블프때 반값 할인 들어갈거같음","ㅇㅇ ","61.98 ","06.04"
"세상에서 제일 의미없는일이 센징이랑 말싸움하는거임ㅇㅇ","ㅇㅇ ","223.39 ","06.04"
"버즈 연결성만 좋으면 충분히 가격값이상함","유성매직* "," ","06.04"
"디렘 청음한 사람 없냐","ㅇㅇ ","112.145 ","06.04"
" wf 후속작이 코드리스 종결 일거같음","ㅏㅡ ","122.46 ","06.04"
"콩나물형은 줄기 짧으면 사볼까 싶은데","부민희 "," ","06.04"
"닥헤새끼들진짜 ㅋㅋㅋㅋ","해스스톤 "," ","06.04"
"근데 t3랑 디렘이랑 똑같이 qcy 생산 아닌가","ㅇㅇ ","61.98 ","06.04"
"택배거래 절대 하지 마라","ㅇㅇ ","220.117 ","06.04"
"나 여기 어제부터 처음왔는데 여기 급식갤러리야??","솩형팬더 "," ","06.04"
"qcy t3 5천개 이상 주문해야 퀄컴 칩셋 들어간다며","ㅇㅇ ","61.98 ","06.04"
"ㅋㅋㅋ 병신개ㅔㄹ러리","Raven "," ","06.04"
"내가 코드리스 아직 안샀다면 존버함 디렘 테비 안사고","ㅇㅇ ","39.7 ","06.04"
"탈조센 탈조센 신나는 노래","ㅇㅇ ","58.76 ","06.04"
"디락빠랑 디락매니아는 구분해달라","디락스쿨출신 ","125.190 ","06.04"
"메이플라워발 o2 엠프 왔읍니다.","이헤린이 ","210.2 ","06.04"
"그래서 탈조센 언제할건데 백수야","ㅇㅇ ","58.76 ","06.04"
"그니까 하만타겟99 디렘빨지말고 테비나 빨자","ㅇㅇ ","223.39 ","06.04"
"언제까지 불타나 봅시다","ㅇㅇ ","110.70 ","06.04"
"살다살다 디빠들이 이제 버즈도 까냐?zz","ㅇㅇ ","125.136 ","06.04"
"버즈 장단점","ㅇㅇ ","223.62 ","06.04"
"세력이 없대ㅋㅋㅋㅋ","평화주의자간지 ","110.8 ","06.04"
"그뷰어따깔 '세력'이 있으시대잖아요","ㅇㅇ ","58.76 ","06.04"
"자취하는 학식 pk5사서 나름 만족함","ㅇㅇ ","39.7 ","06.04"
"애초에 디렘빠라는것도 자기가 상상으로만들어낸 허수아비아님?","솩형팬더 "," ","06.04"
"왜 또 갤 지랄났어","ㅇㅇ ","110.70 ","06.04"
"내가 언제그랬냐구요 빼애애액","ㅇㅇ ","223.39 ","06.04"
"아니 디렘은 디지털 이큐로 타겟 맞춘거 맞지","ㅇㅇ ","223.39 ","06.04"
"음피뜨자는거인가...","ㅇㅇ ","218.55 ","06.04"
"파워비츠프로 그거도 아이폰용이더만","ㅇㅇ ","223.62 ","06.04"
"EQ로다되면 T1이 최고제품아니냐 ㅋㅋㅋ","솩형팬더 "," ","06.04"
"나같은 디락스쿨출신자 손 들어봐.","디락스쿨출신 ","125.190 ","06.04"
"파워비츠프로 물량 딸려서 직구도 안된다는데 ㅡㅡ","대장균 "," ","06.04"
"센징이 오늘 행적 요약.txt","ㅇㅇ ","223.39 ","06.04"
"후훗 와타시가 미개한 디빠들을 『계몽』+시켜주지","ㅇㅇ ","58.76 ","06.04"
"테비고 디렘이고 Kxxs 산새끼없음","ㅇㅇ ","124.50 ","06.04"
"급식갤 아니랄까봐","ㄱㄴ ","39.7 ","06.04"
"팬더인지 뭔지는 내가 디렘 악의적으로 깐다 하는데","평화주의자간지 ","110.8 ","06.04"
"근데 센징이 디램 샀잖아","ㅇㅇ ","121.131 ","06.04"
"디렘 뭔 문제있냐?","ㄱㄴ ","39.7 ","06.04"
"그래서 버즈는 기술 딸려서 디렘처럼 그래프 안 나온 거죠?","평화주의자간지 ","110.8 ","06.04"
"아니 지가 디렘 이큐질한거라 의미 좆도없다더니","ㅇㅇ ","223.39 ","06.04"
"센징아 너 디렘으로 불탈때가 아닐텐데","ㅇㅇ ","58.76 ","06.04"
"버즈 좋은이어폰이야 센징이라고불리는친구야","솩형팬더 "," ","06.04"
"여기 갤러리 현 상황.Txt","ㅇㅇ ","125.136 ","06.04"
"쫄리니까 thd 0.% 이거 조건으로 들고 옴ㅋㅋㅋ","평화주의자간지 ","110.8 ","06.04"
"센징논리요약","ㅇㅇ ","223.62 ","06.04"
"지금 지랄하는 글들 특징))","평화주의자간지 ","110.8 ","06.04"
"니가 디렘 이큐질한거라 버즈나 디렘이나 거서 거기라며","ㅇㅇ ","223.39 ","06.04"
"디빠들 또 말 돌리네ㅋㅋㅋ 차라리 dk빠들이 낫네","평화주의자간지 ","110.8 ","06.04"
"그러고보니 쟤 사장놈하고 통화 몇번 하고 뭐라했더라","ㅇㅇ ","39.7 ","06.04"
"디렘에 이큐질 들어갔냐 안들어갔냐가 중점이 아니고 ㅋㅋ","ㅇㅇ ","223.39 ","06.04"
"뭔데 또 갤 씹창 나있어","ㅇㅇ ","218.148 ","06.04"
"디락스쿨도 못가보고 다이나믹 이어폰 기본튜닝법 운운 ㅋㅋㅋㅋ","ㅇㅇ ","121.131 ","06.04"
"사장놈한테 주워들은거 가지고 다이나믹 이어폰 기본튜닝법 운운 ㅋㅋㅋㅋ","ㅇㅇ ","121.131 ","06.04"
"센징아 언제까지 백수할래","ㅇㅇ ","58.76 ","06.04"
"걍 둘다 사라 ","ㅇㅇ ","223.62 ","06.04"
"아니 센징아 니가 디렘 버즈 그래프보고 버즈 다림질해서","ㅇㅇ ","223.39 ","06.04"
"이큐보다 결정적인 음향튜닝이 중요하다 하는데","평화주의자간지 ","110.8 ","06.04"
"쟤는 뭐 키배가 디폴트냐ㅋㅋ","ㅇㅇ ","39.7 ","06.04"
"센징이 저래놓고 버즈 사서 들어보고","ㅇㅇ ","223.39 ","06.04"
"알리캡슐플러스 질문좀","눈물젖은콜라 ","61.84 ","06.04"
"블투이어폰에서 이큐가 뭐 대수라고","ㅇㅇ ","121.131 ","06.04"
"그뷰어따깔애니덕후듸빠들 난리 나는 거 봐ㅋㅋㅋ","평화주의자간지 ","110.8 ","06.04"
"버즈 치찰음 EQ로 극복가능하다는 애는","솩형팬더 "," ","06.04"
"그니까 센징이가 그래프보고 이큐로 버즈 디렘처럼 만들수있으면","ㅇㅇ ","223.39 ","06.04"
"센징이 탈조센 준비 잘 안돼가나봐?","ㅇㅇ ","58.76 ","06.04"
"아 그래서 디렘 하만타겟 이큐질로 맞춘 거 아니죠?ㅋㅋ","평화주의자간지 ","110.8 ","06.04"
"코드리스 입문으로 버즈살라는데 돈지랄인감?","ㅇㅇ ","175.223 ","06.04"
"님들아~ 테비는 어디서 삼??","ㅐㅔ "," ","06.04"
"피해망상 또ㅋㅋ","ㅇㅇ ","39.7 ","06.04"
"디빠들 드디어 슬슬 본색 드러내죠ㅋㅋㅋ","평화주의자간지 ","110.8 ","06.04"
"qcy t1 고장나서 큐텐에 t3 할인하길래 하나 샀다","ㅇㅇ ","223.62 ","06.04"
"센징이는 재밌는게","ㅇㅇ ","223.62 ","06.04"
"또 화나 있다는 둥 어쩌구 저쩌구 디빠애니덕후그뷰어따깔 전형패턴ㅋ","평화주의자간지 ","110.8 ","06.04"
"왜 센징이는 항상 못싸워서 안달이냐?","ㅇㅇ ","39.7 ","06.04"
"eq가 만능인줄아네 ㅄ들 ㅋㅋ","ㅇㅇ ","211.185 ","06.04"
"센징 특","ㅇㅇ ","39.7 ","06.04"
"플랫 - 디렘 펀사운드 - 테비","ㅇㅇ ","223.39 ","06.04"
"지금 갤상황","ㅇㅇ ","39.7 ","06.04"
"테비 오늘 배송 안된 굼뱅이 없제?","신렬교 ","117.111 ","06.04"
"카나리들어본 형없음?","ㅌㅅㅈ ","118.38 ","06.04"
"박사님 갤버즈랑 콜라보 했으면 좋겠어","ㅇㅇ ","175.223 ","06.04"
"디렘 음질로 딸 치는 새끼들 웃긴 게","평화주의자간지 ","110.8 ","06.04"
"1시간일해도 빅맥 하나 못사먹는 ㅈ같은 헬조센ㅋㅋㅋㄱㅋ","ㅇㅇ ","223.39 ","06.04"
"소니캐스트 X 메이주","ㅇㅇ ","175.223 ","06.04"
"이헤갤에서 qcy디자인 보통보다 더 싫어하는 이유 아마","ㅇㅇ ","39.7 ","06.04"
"병신tv반값에다가 바이럴 알바충 푸는데도 완판에 실패한 tws가 있다?!","ㄴㅇㄹ ","125.129 ","06.04"
"qcy 디자인 ㅈㄴ 싫어하네","ㅇㅇ ","222.236 ","06.04"
"디렘은 공대 감수성때문에  진거임","ㅇㅇ ","175.223 ","06.04"
"6월 17일이나 말이나 ㅋㅋ^^ ","어푸 "," ","06.04"
"디렘 모양 버즈모양이었으면 얼마까지 가능하냐","Cyclone_Joker "," ","06.04"
"5만원대 저음적고 고음괜찮은 이어폰 없음?","ㅇㅇ ","223.38 ","06.04"
"노 마진 믿는사람 있냐?","ㅇㅇ ","175.223 ","06.04"
"테비 가라송장 떴다","ㅇㅇ ","124.50 ","06.04"
"근데 코드리스가 블루투스야?","단발홀릭 "," ","06.04"
"근데 테비는 돈주고 베타테스터아님?","단발홀릭 "," ","06.04"
"테비 먼저 받은 애들 평가보고 탑승하면 되겠는데?","1일1540연차 "," ","06.04"
"6월말ㅋㅋㅋ 테비멸말 ㅋㅋ 곧 디렘주문폭주 예정ㅋㅋㅋ","ㅇㅇ ","223.62 ","06.04"
"테비 6월말 ㅋㅋㅋㅋㅋㅋㅋㅋ","ㅇㅇ ","175.223 ","06.04"
"어제 오후12시에 주문한놈은 미뤄졌다네..","단발홀릭 "," ","06.04"
"근데 소캐 전에도","ㅇㅇ ","222.236 ","06.04"
"와 시밬ㅋㅋㅋ 잘못하면 테비 전자취방으로갈뻔함","단발홀릭 "," ","06.04"
"6월말은 너무하긴했네","하루한달 "," ","06.04"
"10시 12분 주문 오늘 발송한다고 톡톡 문의답왔는데","565 ","39.7 ","06.04"
"땀 안나는 헤드셋 쓰려면 뭐쓰면됨?","천더경(버러지) "," ","06.04"
"안드로이드 유저인데 Isine 10 살만한가?","지나가던 ","211.36 ","06.04"
"디렘 취소 할까여???","??? ","218.55 ","06.04"
"아시발디렘5핀인거지금앎","ㅇㅇ ","218.156 ","06.04"
"디락이.20만원짜리 이어폰보다 좋냐?","ㅇㅇ ","110.70 ","06.04"
"RP-HJE355 vs 쿼빗4 둘중뭐살까","ㅇㅇ ","121.172 ","06.04"
"리뷰어들 디렘 테비 비교영상 좀 올려줬음 좋겠다","ㅇㅇ ","211.33 ","06.04"
"골라봐","ㅇㅇ ","223.62 ","06.04"
"폼팁 안써본 애들이 좀 보이네","ㅇㅇ ","175.223 ","06.04"
"3일 0시인애들 ㄹㅇ떳냐?","단발홀릭 "," ","06.04"
"터치 안 되서 고막 눌러서 조작해야 하는 TWS","평화주의자간지 ","110.8 ","06.04"
"좆병신 기다리느니 그냥 돈 더 주고 쓸 만한 거 산다","평화주의자간지 ","110.8 ","06.04"
"개기름충인데 이어폰선 뭘로 닦아야함?","ㅇㅇ ","175.223 ","06.04"
"야 디렘 예판 2000개라메 테비는 다 팔렸는데","ㅁㄴㅇㄹ ","223.39 ","06.04"
"걍 기다리다 받으면되지 ㅋㅋ","마경의지혜 "," ","06.04"
"페미니스트가 발언을 할때마다 여성인권은 후퇴함","ㅇㅇ ","211.36 ","06.04"
"난 테비 어제 오전11시에 샀는데","ㅇㅇ ","223.62 ","06.04"
"디락mk3는 이압문제 완전해소될까","ㅇㅇ ","175.223 ","06.04"
"테비 12시주문이니까 2시간뒤에 송장뜨겠지?","단발홀릭 "," ","06.04"
"테비 언제주문한애들 송장뜬거?","단발홀릭 "," ","06.04"
"쿼빗만써온 쿼빗충 3 4 비교들어감","ㅇㅇ ","175.223 ","06.04"
"테비 내일 오겠네","ㅇㅇ ","218.148 ","06.04"
"근데 송장 떴다고 너무 설레진 말아","sbryu "," ","06.04"
"폼팁그냥 싼거써","ㅇㅇ ","223.33 ","06.04"
"아 테비 주문했다, 취소했다 반복하다가 결국 안했는데 후회된닼ㅋㅋㅋ","ㅁㅁ ","1.252 ","06.04"
"kxxs 빠리 리뷰 점","어푸 "," ","06.04"
"테비 배송떳네 ㅋㅋ","혐성 "," ","06.04"
"노래 듣다가 문득 옛날생각이 났다","kimjcob "," ","06.04"
"버즈좋은데 왜","ㅇㅇ ","223.62 ","06.04"
"좆그지갤","ㅇㅇ ","211.185 ","06.04"
"10시 12분 송장떴다","565 ","39.7 ","06.04"
"일베들은 아직도 자한당 지지함?","박창식. "," ","06.04"
"여자들 남자 옆에 앉았는데 갑자기 옆으로 케바케 확기대는거 무슨심리일까","ㅇㅇ ","223.38 ","06.04"
"테비걱정되는점","ㅇㅇ ","223.38 ","06.04"
"10시 1분 테비 배송 떴다!!!","ㅁㄴㅇㄹ ","223.39 ","06.04"
"WF-1000XM3는 대체 언제나오냐","KIMBBAM "," ","06.04"
"그래서 자한당 하자는거냐?","ㅇㅇ ","195.206 ","06.04"
"테비 어제 아침10시는 답도없겠지? ㅆ2ㅂ","ㅇㅇ ","125.136 ","06.04"
"이헤갤 의견이 갈려서 디렘.테비.파트론꺼 셋다 구입했는데 돈지랄 느낌난다","23ㅈㅈㅈㅈ ","110.70 ","06.04"
"다음 대선도 민주당 집권하면 한국은","ㅇㅇ ","223.38 ","06.04"
"아니 퀄리티를 떠나서 포토카드나 모델같은건 왜 만듬?","ㅇㅇ ","121.181 ","06.04"
"DK 측정도 안하던데 이헤갤에서 뭐이리 인기가 좋음? ","23ㅈㅈㅈㅈ ","110.70 ","06.04"
"kxxs 삼 ㅎㅎ kp도 온나노꼬 보이스 개좋았으니 더좋겠지?","히키코모리찐따병신 "," ","06.04"
"사운드픽 테비 등등 청음후기","ㅇㅇ "," ","06.04"
"얄투랑 얄삼이랑 가격비슷한데 취향차임?","ㅇㅇ ","123.215 ","06.04"
"3만원대 이어폰 뭐사야합니까???","perfume "," ","06.04"
"kxxs 배송비포함하면 222,000원...","ㅇㅇ ","175.223 ","06.04"
"점심쳐먹고 또 미친듯이 도배할듯","ㅇㅇ ","223.38 ","06.04"
"테비 다른건 걱정 안되는데 이압만 걱정됨","ㅇㅇ ","175.124 ","06.04"
"웰벤트 lt pro 펀딩 vs 디렘사기","ㅇㅇ ","118.235 ","06.04"
"몰갤 생각보다 멍청하진 않는거같노 ㅋㅋ","ㅇㅇ ","223.38 ","06.04"
"일베 대게에 예전에 알바 많았잖아 ㅋㅋ","ㅇㅇ ","223.38 ","06.04"
"qcy t3 리얼텍 칩셋이래","ㅇㅇ "," ","06.04"
"형들 공지읽고 질문써보는데 도와줘...","perfume "," ","06.04"
"쿼빗4가 착용감이 ㄹㅇ 미쳤음","ㅇㅇ ","175.223 ","06.04"
"삽머루 대공개 영상에도 공개된 거 봄 가관이긴 하더라 요즘 많이 좋아짐.","ㅇㅇ ","223.62 ","06.04"
"전에 수갤에서 일반갤러가 특정강사 계속 싸던데 나중에 알바인거 까발려짐.","ㅇㅇ ","223.38 ","06.04"
"버드 짹짹소리 넘 귀여운거 같음 ㅋㅋㅋ","ㅇㅇ "," ","06.04"
"알바 밥먹으러 갔나보네 칼같노 ㅋㅋㅋㅋㅋ","ㅇㅇ ","223.62 ","06.04"
"블투 하루종일 켜니까 배터리 빨리닳는데 정상?","ㅇㅇ ","211.36 ","06.04"
"디케 갑부인데 이어폰같이 짜잘한거 공구하는 이유가 머야?","ㅇㄴㄴㅇ ","211.214 ","06.04"
"테비나 디렘이나 별차이없을꺼같은데...","솩형팬더 "," ","06.04"
"기술이 ㅈㄴ 신기하긴 하다","Recycle "," ","06.04"
"디렘 청음 간사람 없어?","ㅇㅇ ","223.39 ","06.04"
"버즈 음질자체는 좋은데 안거슬리냐?","솩형팬더 "," ","06.04"
"솔직히 t1쉘이 오바였음","ㅇㅇ ","223.33 ","06.04"
"디케이 재산 수백억은되겠지?","ㅇㄴㄴㅇ ","211.214 ","06.04"
"DK 홍보하는 프록시들 존나많네","ㅇㅇ ","211.36 ","06.04"
"디렘 사는 이유","부민희 "," ","06.04"
"퇴비와 더럼 뭘 추천?","ㅇㅇ ","39.7 ","06.04"
"테비 송장 나온 사람 있음?","ㅇㅇ ","110.34 ","06.04"
"디렘 사는 이유","00 ","223.38 ","06.04"
"파워비츠 이새끼는 뭔데","부민희 "," ","06.04"
"안빨아줬다고 편향리뷰하는놈을 애초에 어케믿음ㅋㅋ","ㅇㅇ ","175.223 ","06.04"
"오늘 6평이었냐","Cetaphil "," ","06.04"
"테비 10시간 재생은 말이 안되는데","ㅇㅇ ","211.212 ","06.04"
"이헤갤은 정신병자가 너무 많다","ㅇㅇ ","223.62 ","06.04"
"ㄹㅇ 킹반인들은 코드리스 이어폰하면 에어팟 버즈정도가 딱 마지노선임ㅋㅋㅋ","ㅇㅇ ","219.249 ","06.04"
"근데 무선 코드리스 이어폰 튼튼한편임?","ㅇㅇ ","219.249 ","06.04"
"테비 4만원 할인한거는 ㄹㅇ 체감 존나 크긴햇음.","ㅇㅇ ","219.249 ","06.04"
"저새끼는 테비빨다가 dk빨다가 디렘빨다가 신렬빨다가","ㅇㅇ ","125.136 ","06.04"
"그래서 테비는 언제 배송 시작임? 지금 배송중임?","ㅇㅇ ","219.249 ","06.04"
"dk 아니였어도 7.9만이면 완판은 금방됐을듯","ㅇㅇ ","223.38 ","06.04"
"테비가 usb c타입이고 디렘이 5핀인데 이거도 구매결정 포인트인듯.","ㅇㅇ ","219.249 ","06.04"
"웬좌는 직업이 뭐야?","ㅇㅇ ","211.36 ","06.04"
"사운즈 에이드 사무실 가서 청음하고 온 썰","006654 ","121.162 ","06.04"
"저 업자 새끼 무슨 에너자이저인가","박창식. "," ","06.04"
"저 미친도배충 수당 쏠쏠한가보다 아침부터 지랄이네","ㅇㅇ ","223.38 ","06.04"
"여자친구들한테 무선 코드리스 이어폰 선물해주면 좋아함?","ㅇㅇ ","219.249 ","06.04"
"테비 사긴했는데 갤7 쓰는 중이라 c타입이 단점이 되버림 시발;","ㅇㅇ ","110.34 ","06.04"
"테비 공구가 7.9만이 이번이 마지막이엇으면 어캄? ㅅㅂ","ㅇㅇ ","219.249 ","06.04"
"다른거 다 떠나서 무선이 유선음질급이라서 디렘 테비는 살만함.","ㅇㅇ ","219.249 ","06.04"
"헤드폰 추천 좀 해줘","ㅇㅇ ","175.223 ","06.04"
"T1은 확실히 많이 보이는데","부민희 "," ","06.04"
"테비 간보다가 늦게 사서 손가락 빠는 갤러들 디렘 주문할거임?","ㅇㅇ ","219.249 ","06.04"
"PWE-100도 판매 시작함","KIMBBAM "," ","06.04"
"디렘:음질 좋음 쓸만함 단점은 배터리가 4시간, usb c 지원안함 ㅇㅇ","ㅇㅇ ","219.249 ","06.04"
"테비랑 디렘 둘다 좋긴한데 굳이 한개만 사야한다면...나는","ㅇㅇ ","219.249 ","06.04"
"그레서 디렘 좋냐고","Cyclone_Joker "," ","06.04"
"중국제품 편견을 없애준게 샤오미 보조배터리랑 qcy t1임 ㅇㅇ","ㅇㅇ ","219.249 ","06.04"
"아 또 공구시작이냐","ㅇㅇ ","223.62 ","06.04"
"앞으로 음향기기관련 홍보는 dk님쪽으로 많이 갈듯?","ㅇㅇ ","219.249 ","06.04"
"사운드튜닝가라는게 무슨말임?","ㅇㅇ ","223.62 ","06.04"
"옛날같음 짱깨브랜드물건을 5만원이상 주고 사는건 상상도 못하는","ㄷㄷㄷㄹ ","1.232 ","06.04"
"디렘1이 아쉬운게 배터리랑 5핀인건데 디렘2에선 이거 개선해줫으면...","ㅇㅇ ","219.249 ","06.04"
"테비 dk빨 아니라도 하루만에 5천대 완판시킬만한 제품이엇음","ㅇㅇ ","219.249 ","06.04"
"kxxs vs. kanas pro","트니 "," ","06.04"
"테비 암만 늦어도 11일 까지는 발송 하나보네","sbryu "," ","06.04"
"테비 7.9만이 역대급 공구가엿긴함","ㅇㅇ ","219.249 ","06.04"
"테비:배터리10시간 usb c타입, 디렘:4시간 5핀","ㅇㅇ ","219.249 ","06.04"
"와 테비 소리 재밋다던데 다음7.9만 언제 또 해?","ㅇㅇ ","219.249 ","06.04"
"저런식으로 홍보를 하는건가","ㅇㅇ ","223.62 ","06.04"
"디렘이랑 테비 최대한 언급하는게 목적이네","ㅇㅇ ","223.62 ","06.04"
"이번에 디렘이랑 테비 둘다 주문한 갤러들 잇어?","ㅇㅇ ","219.249 ","06.04"
"디렘살까 테비살까 고민중인 갤러들 필독!","ㅇㅇ ","219.249 ","06.04"
"테비 음질 괜찮애? 들어줄만함? 소리 재밋음?","ㅇㅇ ","219.249 ","06.04"
"dk님 구독자가 되고 지름신 참느라 죽는줄 ㅋㅋㅋㅋㅋㅋㅋㅋㅋㅋㅋ","ㅇㅇ ","219.249 ","06.04"
"테비 11일까지 100퍼 배송한다네 ㄷㄷㄷㄷ","ㅇㅇ ","175.223 ","06.04"
"버즈 사면서 디렘도 하나씩 사주자 갤러들아 !","ㅇㅇ ","219.249 ","06.04"
"이거 존나 웃기다 이어폰 족보 ㅋㅋ","ㅇㄴㄴㅇ ","211.214 ","06.04"
"테비 실제로 청음 어디로 가면 할수잇어?","ㅇㅇ ","219.249 ","06.04"
"센징이 듸렘좋다고하더만 결국엔 버즈샀네 ㅋㅋ","ㅇㅇ ","223.38 ","06.04"
"음향유튜버가 성공하기 어려운게 dk님 정도는 되야 성공할수잇다는것","ㅇㅇ ","219.249 ","06.04"
"이헤갤은 유동인구가 상당히 적음 유입도 적고","ㅇㅇ ","223.38 ","06.04"
"219.249 저새끼 어제는 테비 저렇게 빨던놈임 ㅋㅋ","ㅇㅇ "," ","06.04"
"디렘 테비 이런거쓰다가 에어팟 버즈쓰면 확실히 차이 느껴지나요?","ㅇㅇ ","219.249 ","06.04"
"솔직히 디렘1은 디렘2을 위한 발판느낌이라서 사지 좀 망설여짐","ㅇㅇ ","219.249 ","06.04"
"저 도배충 그냥 병신급식인줄알았는데 ","ㅇㅇ ","223.62 ","06.04"
"디렘1이 얼마나 팔리냐에 따라서 디렘2 완성도가 결정날듯","ㅇㅇ ","219.249 ","06.04"
"근데 테비랑 디렘 만들던 회사 음향업계에서 유명하던 곳임?","ㅇㅇ ","219.249 ","06.04"
"G7 vs zx300 니네라면 뭐 선택하냐","ㅇㅇ ","61.81 ","06.04"
"양심고백한다 솔직히 디렘1 기대안되더라.","ㅇㅇ ","219.249 ","06.04"
"근데 테비 디렘 회사 음향기기에서 잘나감?","Logic "," ","06.04"
"디렘1 많이들 사줘라 너네가 많이 사줘야 박사님이 디렘2 만들지.","ㅇㅇ ","219.249 ","06.04"
"이쯤되면 걍 몰갤 같기도함","ㅇㅇ ","218.238 ","06.04"
"코드리스중에 ksc75같은 존재가 qcy t1임?","ㅇㅇ ","219.249 ","06.04"
"이헤갤 한동안 조용하다 싶었는데 올해는 저 알바빌런이...","ㅇㅇ ","223.62 ","06.04"
"디렘 내가 보기엔 충분히 괜찮은 제품같다 애들아","ㅇㅇ ","219.249 ","06.04"
"코드리스 이어폰이 인기 많은 나라 우리나라랑 미국말고 또 어디잇음?","ㅇㅇ ","219.249 ","06.04"
"얄포 홍보할때 오바마도 쓴다고 홍보햇엇잖어 코드리스는 누가씀?","ㅇㅇ ","219.249 ","06.04"
"코드리스는 배터리와 유닛 크기를 적절히 타협하는게 중요할듯","ㅇㅇ ","219.249 ","06.04"
"디빠 D빠 평행이론","ㅇㅇ ","39.7 ","06.04"
"디렘vs테비 영상볼때 딜레이는 누가 더 괜찮나여?","ㅇㅇ ","219.249 ","06.04"
"qcy t1 같은 중저가 괴물제품이 나오니깐 가격이 하향평준화 되는거임.","ㅇㅇ ","219.249 ","06.04"
"219.249는 진짜 정신병 디빠같다","ㅇㅇ ","125.136 ","06.04"
"4시간은 너무 짧소! 6시간 합시다! ok 6시간!","ㅇㅇ ","219.249 ","06.04"
"qcy t3 이거 차음됨?","ㅇㅇ ","61.98 ","06.04"
"현 이헤갤주는 누가뭐래도 킹신렬이 맞음. 근데 차기 갤주는 dk임","ㅇㅇ ","219.249 ","06.04"
"소캐같은 국내 중소기업이 잘되야 음향업계도 발전한다.","ㅇㅇ ","219.249 ","06.04"
"이헤갤 현갤주 :킹신렬, 차기 갤주:dk 이의잇소?","ㅇㅇ ","219.249 ","06.04"
"디렘 디자인 구리다 그러는데 솔직히 이완얼임","ㅇㅇ ","219.249 ","06.04"
"디렘 배터리4시간 짧다짧다 그러는데 솔직히 충분함.","ㅇㅇ ","219.249 ","06.04"
"디렘 ㄹㅇ 커여운게 안에 박사님카드를 끼어넣어준다는거임ㅋㅋㅋ","ㅇㅇ ","219.249 ","06.04"
"219.249 디빠가 아니라 디까 같은데","ㅇㅇ ","175.223 ","06.04"
"이번에 디렘사서 박사님 카드들고 박사님 만나면 사진찍어줌?","ㅇㅇ ","219.249 ","06.04"
"아니다 쟤가 몰갤보단 낫지","ㅇㅇ ","223.38 ","06.04"
"디렘 살까말까 망설엿는데 신렬카드 소식듣고 바로 주문햇잖어ㅋㅋ","ㅇㅇ ","219.249 ","06.04"
"지금 디렘 예구하면 주는 박사님 카드 ㄹㅇ 웃길듯ㅋㅋㅋㅋㅋㅋㅋㅋㅋㅋㅋㅋㅋ","ㅇㅇ ","219.249 ","06.04"
"저 도배하는 유동 ㄹㅇ 알바인듯..","ㅇㅇ ","223.38 ","06.04"
"디렘vs테비 비교해보니깐 생각보다 디렘 이쁜거 같음","ㅇㅇ ","219.249 ","06.04"
"무선 코드리스 더 발전하면 프랑켄도 줄어들겟지?","ㅇㅇ ","219.249 ","06.04"
"디렘사면 주는 박사님 카드올리면 무적권 개념글각일듯ㅋㅋㅋㅋㅋㅋ","ㅇㅇ ","219.249 ","06.04"
"219.249 저 미친 디빠충새끼는 ㄹㅇ 악질이다","ㅇㅇ ","223.38 ","06.04"
"내가 볼때 야외에서는 편하게 코드리스 쓰고 실내에선 유선쓰면 될듯.","ㅇㅇ ","219.249 ","06.04"
"무선 이어폰중에 지연시간 제일 짧은게뭐야??","ㅇㅇ ","211.36 ","06.04"
"박사님 포토카드 받으면","부민희 "," ","06.04"
"별의별 유튜버들은 다잇는데 음향유튜버는 소수인거 보면..","ㅇㅇ ","219.249 ","06.04"
"몰갤이 249보다 낫다","ㅇㅇ ","223.38 ","06.04"
"대만 기업들은 킹본 코스프레 많이 하더라","박창식. "," ","06.04"
"몇년전에 이헤갤은 거의 얄포얘기만 하던데 아니엇음?","ㅇㅇ ","219.249 ","06.04"
"바짓가랭이 매달려 가지고 형님형님 (야아)578576","MC64 ","14.32 ","06.04"
"그렇게 별들달고 뺑뺑뺑뺑이 돌리고 말았다는 얘깁니까?968041","MC121 ","14.32 ","06.04"
"미국한테 매달려가지고 형님형님 (야아)319541","MC227 ","49.238 ","06.04"
"미국한테 매달려가지고 형님형님 (야아)366640","MC238 ","27.102 ","06.04"
"응딩이 뒤에서 숨어 가지고 형님형님 (야아)214704","MC571 ","177.231 ","06.04"
"응딩이 뒤에서 숨어 가지고 형님형님 (야아)665144","MC381 ","145.253 ","06.04"
"심심하면 불러다가 뺑 뺑 뺑 뺑이458758","MC143 ","145.253 ","06.04"
"대한민국 군대들 지금까지 뭐했어 마 뭐했노이기160629","MC331 ","167.179 ","06.04"
"미국한테 매달려가지고 형님형님 (야아)40440","MC485 ","52.68 ","06.04"
"미국한테 매달려가지고 형님형님 (야아)359875","MC331 ","125.129 ","06.04"
"제가 뭐 경제 살리겠다고 말이나 했습니까 했는데38012","MC106 ","14.32 ","06.04"
"테비 하루만에 5000대 완판시킨거는 ㄹㅇ 대단하긴 하네","ㅇㅇ ","219.249 ","06.04"
"사람들이 무선이어폰 많이 쓰는 이유 알거같음.","ㅇㅇ ","219.249 ","06.04"
"와 뭔... 며칠동안 코드리스 이어폰 이야기만 하네","my-fi "," ","06.04"
"테비 품절이네","단발홀릭 "," ","06.04"
"============ 정신차리고 이만 가봐  ============","ㅇㅇ ","223.38 ","06.04"
"============ 정신차리고 이만 가봐  ============","ㅇㅇ ","223.38 ","06.04"
"============ 정신차리고 이만 가봐  ============","ㅇㅇ ","223.38 ","06.04"
"============ 정신차리고 이만 가봐  ============","ㅇㅇ ","223.38 ","06.04"
"============ 정신차리고 이만 가봐  ============","ㅇㅇ ","223.62 ","06.04"
"소니캐스트 디락 쓰는 거진데","ㅇㅇ ","198.208 ","06.04"
"저새끼 손으로 하나하나 글올려서 도배하냐? ㅋㅋㅋㅋㅋㅋㅋ","ㅇㅇ ","125.136 ","06.04"
"무선 이어폰은 인기많은데 무선 헤드폰시장은 어떰?","ㅇㅇ ","219.249 ","06.04"
"솔까 지금 제대로된 음향리뷰어는 dk님이 유일하지 않음?","ㅇㅇ ","219.249 ","06.04"
"알바 새끼들 글 싸는 수 만큼 돈 받으니까 저지랄인 거임","박창식. "," ","06.04"
"근데 무선이어폰 쓰면 암? 종양걸린다는 기사도잇던데 트루임?","ㅇㅇ ","219.249 ","06.04"
"테비 놀라운점이 그 조그만 유닛안에 10시간 배터리가 탑제되는거임 ㄷㄷ","ㅇㅇ ","219.249 ","06.04"
"에어팟쓰는애들아 너네 차음안되는곳에선 어떻게함?","ㅇㅇ ","117.111 ","06.04"
"내가 구독중인 음향리뷰어 유튜버들 리스트.list","ㅇㅇ ","219.249 ","06.04"
"ㄴ 219.249일시 이헤갤 폭파간다","ㅇㅇ ","223.33 ","06.04"
"이번 디렘을 꼭 사야만 하는 이유.eu","ㅇㅇ ","219.249 ","06.04"
"테비 차기작은 배터리 14시간 탑제 이러는거 아님? ㅋㅋㅋㅋㅋㅋㅋㅋㅋㅋ","ㅇㅇ ","219.249 ","06.04"
"진짜로 코드리스 사면 유선이어폰은 잘 안쓰게되나요?","ㅇㅇ ","219.249 ","06.04"
"렬교야 시작했냐 ㅅㅂ","평화주의자간지 ","110.8 ","06.04"
"지금 테비 지랄하는 새끼들 전부 다중이같음","ㅇㅇ ","223.33 ","06.04"
"디렘은 디락 첫 출시때만큼 파급력은 없는것 같네","ㅇㅇ ","219.249 ","06.04"
"디렘의 유일한 딱 한가지 단점.bad","ㅇㅇ ","219.249 ","06.04"
"테비 5천개를 며칠에 걸쳐서 보내는거잖아?","ㅇㅇ ","218.148 ","06.04"
"qcy t1을 토대로 만든 디렘 = 연결성 만큼은 믿어도 된다 ㅇㅈ?","ㅇㅇ ","219.249 ","06.04"
"아 씨발 디렘도 17날 오네","평화주의자간지 ","110.8 ","06.04"
"qcy t1이 빨렷던게 가성비랑 특히 연결성때문이라더라","ㅇㅇ ","219.249 ","06.04"
"디렘이 진짜 기대되는게 발전가능성이 무궁무진하다는 점임.","ㅇㅇ ","219.249 ","06.04"
"219.249 몰갤 뺨치네","ㅇㅇ ","223.33 ","06.04"
"테비도 디렘처럼 차기작 공식 오피셜 뜬거 잇나요?","ㅇㅇ ","219.249 ","06.04"
"흠 kxxx 오늘 1시에 시작이라함","1일1540연차 "," ","06.04"
"코드리스 중고거래해본 분들아 코드리스 중고거래 활발한편임?","ㅇㅇ ","219.249 ","06.04"
"지금 디렘vs테비 대전때문에 잊혀졋는데 mk3도 곧 출시예정임","ㅇㅇ ","219.249 ","06.04"
"디렘1도 음질 개좋다던데 디렘2가 진짜 기대됨","ㅇㅇ ","219.249 ","06.04"
"그놈의 테비 아직도 지랄이네","ㅇㅇ ","218.238 ","06.04"
"테비는 이번주 안으로 받아서 후기글올리는 갤러들 볼수잇을듯","ㅇㅇ ","219.249 ","06.04"
"디렘1은 딱봐도 최초의 무선이어폰이라는데에 의의를 두는거겟네","ㅇㅇ ","219.249 ","06.04"
"hd600쓰는데 계속 머리에서 흘러내림 ㅅㅂ 나같은놈없냐","ㅇㅇ ","219.241 ","06.04"
"코드리스 이어폰은 팁같은거 많이 가리는편임?","ㅇㅇ ","219.249 ","06.04"
"오로지 유선 이어폰만 사는 갤러도 잇음?","ㅇㅇ ","219.249 ","06.04"
"ㅅㅂ 원래 저런 거 살 일 없는데 이어폰 망가져갖고","평화주의자간지 ","110.8 ","06.04"
"코드리스 이어폰은 1년정도 쓰면 배터리 몇%로 줄어들음?","ㅇㅇ ","219.249 ","06.04"
"219.249 저 새끼 걍 차단해라","ㅇㅇ ","175.214 ","06.04"
"코드리스는 일단 연결성이 젤 중요한거 같은데 디렘vs테비","ㅇㅇ ","219.249 ","06.04"
"코드리스 배터리 지속시간","ㅇㅇ ","175.194 ","06.04"
"갓직히 디렘은 디렘2부터 제대로 나올것 같은디?","ㅇㅇ ","219.249 ","06.04"
"안드는 동영상 재생시 딜레이 보정해 줌","ㅇㅇ ","222.107 ","06.04"
"갤설문) 테비 vs 디렘 둘중에 뭐 삿나요?","ㅇㅇ ","219.249 ","06.04"
"테비 당일 23시 쯤에 샀는데","ㅇㅇ ","223.39 ","06.04"
"서울사는 전라도 홍어 말투 설명서.book","ㅇㅇ ","211.36 ","06.04"
"측정치 = 음질인가?","ㅇㅇ ","1.241 ","06.04"
"서울대 음향공학연구소 왔다","ㅇㅇ ","147.46 ","06.04"
"근데 영디비 블투측정 묘듈이 4.2 버전이면","평화주의자간지 ","110.8 ","06.04"
"아이폰xs 쓰는데 dap 들이면 차이 큼?","ㅇㅇ ","121.64 ","06.04"
"lg 폰도 영상 블루투스 딜레이보정됨?","ㅇㅇ ","180.231 ","06.04"
"테비 이어폰가죽줄감개+500원아끼려다가 존나늦게받겠넼ㅋ","ㅇㅇ ","125.136 ","06.04"
"디렘 저음 별로임?","FUJI "," ","06.04"
"아 마침 쓰던 이어폰 단선됐는데 디렘 사볼까","평화주의자간지 ","110.8 ","06.04"
"테비 영디비 리뷰 보니까 딜레이가 ㅅㅂ","평화주의자간지 ","110.8 ","06.04"
"sp1000앰프 6월말. sp2000 7월말-8월 출시예정","트니 "," ","06.04"
"어제부터 테비따리에 왜케 난리임? 버즈가 갑이지","ㅇㅂ ","220.118 ","06.04"
"오픈형 유선 블루투스 추천좀해조요","ㅇㅇ ","39.7 ","06.04"
"씨발 그룹딜레이 측정치도 안 나왔는데 난리네ㅋㅋㅋ","평화주의자간지 ","110.8 ","06.04"
"아시발 대체 귀에서 물이왜나오지 ㄹㅇ좆같네","ㅇㅇ ","223.39 ","06.04"
"10개월 뒤에 군대감","ㅇㅇ ","223.39 ","06.04"
"그냥 디렘 2세대 기다려야지","ㅇㅇ ","39.7 ","06.04"
"정신못차린 시험전 여사친 생각함 아련함 서로 몰래 잘먹다 노선갈아타버림.","ㅇㅇ ","223.62 ","06.04"
"스트리밍 보통 뭐쓰냐 ㅊㅊ점","ㅇㅇ ","203.232 ","06.04"
"진짜 개쩌는 이어폰 추천해 준다 가성비 ㅆㅅㅌㅊ","ㅇㅇ ","223.38 ","06.04"
"에어팟2 무선충전 괜히샀다","ㅇㅇ ","110.12 ","06.04"
"에티모틱 신형이어폰안나오냐","단발홀릭 "," ","06.04"
"이 십새기들 10k","ㅇㅇ ","175.223 ","06.04"
"★테비 후기","ㅇㅇ ","175.223 ","06.04"
"테비 후기","ㅇㅇ ","117.111 ","06.04"
"난 두개 고민하다 박사님 포카보고 바로 디렘지름","Xelento ","106.102 ","06.04"
"회사오자마자 똥 존나 나오네","Xelento ","106.102 ","06.04"
"정확히 저음 고음 그런게 먼지모르겠다","단발홀릭 "," ","06.04"
"막귀인디 왜 AKG소리가 맘에 안들지","카펜터 "," ","06.04"
"디렘 사도됩니까?","FUJI "," ","06.04"
"셀렌토 1650 a8 청음 어디서함","ㅇㅇ ","106.102 ","06.04"
"왜 유튭에 디렘치니","ㅇㅇ ","175.223 ","06.04"
"오늘 테비 배송될려나?","단발홀릭 "," ","06.04"
"지금 M900 + 이온 밀폐인데 리시버 업그레이드하려면 뭘 사야할까?","지나가던 ","211.36 ","06.04"
"난 디렘 3세대가 기대된다.","oo ","223.39 ","06.04"
"언케 디렘 광고 보고 왔는데","ㅇㅇ ","175.223 ","06.04"
"엄오공 존나 좋노","Xelento ","106.102 ","06.04"
"v30 음질 안좋음?","ㄱㄴ ","39.7 ","06.04"
"수월우 아리아 샀었는데 쓴지 한달만에 좌우벨런스 나감","ㅇㅇ ","39.7 ","06.04"
"코덱마다 그룹딜레이 롤오프 구간이 다름?","ㅇㅇ ","175.223 ","06.04"
"Tevi 어떰? 듣보라서 아무도 안써봤으려나","ㅇㅇ ","223.62 ","06.04"
"aaw이새끼들은 왜 하나같이 디자인만 꼴리게 내냐 시발","ㅌㅅㅈ "," ","06.04"
"코드리스 배터리 걱정 하는 갤럼들라 걱정 하지마라","ㅇㅇ ","122.47 ","06.04"
"Hd600 vs z7m2","ㅇㅇ ","223.38 ","06.04"
"넥밴드는왜안쓰냐","ㄷㄷㄷㄹ ","1.232 ","06.04"
"근데 애플은 에어팟 커널버전은 출시계획 없음??","ㅇㅇ ","219.249 ","06.04"
"아까 레이턴시 관련 글 적은 유동인데 아는 선에서 적자면","ㅇㅇ ","14.36 ","06.04"
"근데 테비나 디렘 같은거 살꺼면","ㅇㅇ ","220.123 ","06.04"
"혹시 dk 아이폰 아이패드 음질리뷰한거 그거","ㅇㅇ ","112.187 ","06.04"
"아이폰은 에어팟 빼곤 대안없는거?","ㅇㅇ ","223.62 ","06.04"
"젠하이저 모멘텀 주문했는디 파워비츠 프로로 갈까","ㅇㅇ ","117.123 ","06.04"
"코드리스만 유난히 딜레이 절벽있는건 맞긴함","ㅇㅇ ","110.47 ","06.04"
"무선용으로 kxxs하나살까","ㅌㅅㅈ "," ","06.04"
"강의들을때 에어팟보다 qcy가 더 안정적이더라","ㅇㅇ ","1.242 ","06.04"
"오랜만에 왔는데 념글보니까","????? "," ","06.04"
"WI-1000X랑 SP900이랑 어떤게 더 보기에 아재스럽냐","ㅇㅇ ","117.123 ","06.04"
"섹스","????? "," ","06.04"
"테비 음질 10k부터 씹창이네","ㅇㅇ ","175.223 ","06.04"
"저음끝판왕 이어폰 머머 있음?","ㅇㅇ ","116.120 ","06.04"
"코드리스 그룹딜레이에 관해서","ㅇㅇ ","175.223 ","06.04"
"2pin짜리 헹거형 코드리스같은건 언제 나오냐","ㅌㅅㅈ "," ","06.04"
"갤에 유선 이야기하는 친구들은 블투 따로 유선 따로 쓰는고얌?","ㅇㅇ ","117.123 ","06.04"
"얄삼보다 a66이 더 좋은거같은데","ㅇㅇ ","125.31 ","06.04"
"유선 이어폰 블투 케이블 안불편하냐?","ㅇㅇ ","117.123 ","06.04"
"뭔가 이거다 싶은 블투 이어폰이 없네..","ㅇㅇ ","117.123 ","06.04"
"모나취미눈","ㅇㅇ ","222.100 ","06.04"
"피겨탈 때 쓰기 좋은 코드리스","ㅇㅇ ","116.122 ","06.04"
"호모나 에이즈 걸렷오-","ㅇㅇ ","222.100 ","06.04"
"갤러님들 음원사이트 어디이용함","ㅇㅇ "," ","06.04"
"테비 취소함","ㅇㅇ ","116.122 ","06.04"
"낼 사운드픽 디렘 셰에 다 청음간다","ㅇㅇ "," ","06.04"
"그 카페 그 게시글 제발 여기 퍼오지마 미친놈들아","ㅇㅇ ","223.38 ","06.04"
"디렘 막상 나오니 가격 괜찮네","ㅁㅁㅁ ","220.79 ","06.04"
"디렘 테비 이런거 관한 글은 아니고","oo ","125.190 ","06.04"
"옥시즌 나노vs모멘텀 트루","ㅇㅇ ","117.123 ","06.04"
"v자충인데 섹살 eq질하고싶농","ㅇㅇ ","211.36 ","06.04"
"PHA3는 할인이나 공구없음?","ㅇㅇ ","223.38 ","06.04"
"코드리스 측정치 볼 때 FR만 보는 갤럼들이 많은데","ㅇㅇ ","14.36 ","06.04"
"wf-1000x 소리 맘에 들었으면","ㅇㅇ ","121.164 ","06.04"
"아 씨1발 오리진 접불이네 ㅋㅋ;;","ohhy "," ","06.04"
"눈을 깜빡 감을때 온갖 생각다함 눈 뜰 때 절망을 잊을 우울을승화하려함.","ㅇㅇ ","223.38 ","06.04"
"근데 코드리스들 음질 전반적으로 씹창 아닌가?","ㅇㅇ ","14.36 ","06.04"
"갓텀스티커는 붙이는 위치도 중요하구나.","ㅇㅇ ","112.171 ","06.04"
"근데 버즈가 얼마나 쓰레기길래 다들 그러는거","우면산 "," ","06.04"
"카나스가 모양이랑 무게땜이 착용감 불편하단말 있었는데","한플 "," ","06.04"
"헤드폰추천해주세야","갱구로 "," ","06.04"
"보통 이런 발상자체가 고평가 해외 예술 그라운드 이야기임 내수는상관빵임.","ㅇㅇ ","223.62 ","06.04"
"twz-1000 샀다.","ㅇㅇ ","122.47 ","06.04"
"원인을 쌩으로 흡수함 정신은 정확히 움직려는 반사 습성이 있음.","ㅇㅇ ","223.33 ","06.04"
"dt 440주문했다","ㅇㅇ ","211.247 ","06.04"
"시야가 좁음 딱 거기까지임 시야 만큼임 글을 살펴내는 사야도 마찬가지임.","ㅇㅇ ","223.62 ","06.04"
"mmcx 호환되는 tws 없냐?","ㅇㅇ ","121.150 ","06.04"
"내 말을 쌩으로 흡수하면 내가 될 수 있음 나나 너나 동일함 같음.","ㅇㅇ ","223.62 ","06.04"
"요즘 전체적으로 살펴내는 눈썰미 이 말이 정신에 가장 들어옴.","ㅇㅇ ","223.38 ","06.04"
"폰에 이어폰잭꽂으면 치치직 소리나는디","ㅇㅇ ","59.31 ","06.04"
"아니 kxxs 디자인 이쁘다는 애들","ㅇㅇ ","125.184 ","06.04"
"곡을 단번에 들춰내는 시야가 넓듯 글을 보는 시야도 넓음 확 트임.","ㅇㅇ ","223.62 ","06.04"
"테비는 진짜 사볼만은 하네","Space "," ","06.04"
"kxxs 디자인으로 코드리스 나오면 산다","dddd ","122.47 ","06.04"
"아. kxxs 디자인","이알못 "," ","06.04"
"번들이어폰 흰색 디자인 느낌에 상향음질 없을까? ","뮤뮤 ","39.120 ","06.04"
"고평가 재팬 음악이 양형들 눈에 정신적 센스나 수준으로나 들어올만 함.","ㅇㅇ ","223.33 ","06.04"
"수월우 사장 말하는거보면","한플 "," ","06.04"
"kxxs 엔증서 안나와서 거르려고 했는데","ㅇㅇ "," ","06.04"
"솔직히 디렘이 디자인 젤괜찮아보이는데","ㅇㅇ ","122.46 ","06.04"
"재팬 예술은 능력치에 비해 악기활용을 기가막히게 잘해서 수준 극대화시킴.","ㅇㅇ ","223.62 ","06.04"
"Kxxs 공구 카페가입 안해도 되는거지?","ㅇㅇ "," ","06.04"
"레드미 에어닷 마감 괜찮네","Dr.조병옥 "," ","06.04"
"걍 자브라 엘리트 65T는 어떰?","oo ","223.62 ","06.04"
"넬은 1차원적인 사운드에선 메인밴드임 가사 메리트 넣어서 입문유도할만함.","ㅇㅇ ","223.38 ","06.04"
"사운드가 1차원은 좀밋밋하긴함 2차원은가야 맛남 양형들 3차원은 각잡음.","ㅇㅇ ","223.38 ","06.04"
"테비 공구 끝나면 가격 올라감??","ㅇㅇ ","58.150 ","06.04"
"공구 중인 디렘 팝니다.","dddd ","122.47 ","06.04"
"이 갤러리 꼬라지보소","유동 ","222.102 ","06.04"
"양형 기준 이게 멜로디 록인 무대임.","ㅇㅇ ","223.38 ","06.04"
"아xs쓰는데 걍 에어팟 사는게 낫겟지?","급식 ","211.59 ","06.04"
"나름의 교양에 다채로운 악기와의 조화로 한 폭의 그림을 그리는 무대임.","ㅇㅇ ","223.38 ","06.04"
"디렘이랑 테비랑 왜 비교가 되냐","Orashya "," ","06.04"
"파트론은","유동 ","222.102 ","06.04"
"공구 중인 테비 팝니다.","dddd ","122.47 ","06.04"
"마음 비운 무대로는 이거 추천함.","ㅇㅇ ","223.38 ","06.04"
"타 밴드 Blankey Jet 도시 이 무대 추천함.","멘탈적 &amp;#39;록&amp;#39; ","223.38 ","06.04"
"인생은 끊임없이 트이는 과정임 마음도 한정된 감상에 갇히지말고 트여야함.","ㅇㅇ ","223.38 ","06.04"
"kxxs  는 펀사운드 아니려나요","이알못 "," ","06.04"
"파트론 산다는새끼는 이해가 안가는데","ㅇㅇ ","112.168 ","06.04"
"다중 ba에 대한 아주안좋은 추억이잇음","마첼마첼마첼 "," ","06.04"
"쿼빝4 사려는데 사이트좀 봐주싈?","ㅇㅇ ","182.216 ","06.04"
"보스하면 원래 저음 아님?","ㅇㅇ ","39.122 ","06.04"
"CF2 중고로 팔면 요즘 팔리냐?","AmeDance "," ","06.04"
"DK = 허니버터 업자","ㅇㅇ ","211.246 ","06.04"
"관상봐드립니다","관상쟁이 ","39.7 ","06.04"
"생각해보니 닥터드레도 애플꺼였네","ㅇㅇ ","223.62 ","06.04"
"근데 디렘살바에","유동 ","222.102 ","06.04"
"음향 카톡~  믹싱하는 사람, 이어폰, 헤드폰 좋아하는 사람 음향을","ㅇㅇ ","118.34 ","06.04"
"지금은 갤 번들 akg이어폰 쓰는데 업글하려면","Yuumi "," ","06.04"
"이갤 왜케 급식이랑 씹덕이 많음?","ㅇㅇ ","39.7 ","06.04"
"노래감상할 수 있는 곳 없음..?","ㅇㅇ ","175.198 ","06.04"
